2 0.000000 100.000000 579.435449
604 511 
1 -14.979443 0.000000 -15.229443 99.754692 0.016985 6.976028 0.000034 
2 17.479443 0.000000 -15.229443 99.755423 0.117651 6.966353 0.000031 
3 17.479443 0.000000 15.379443 99.758661 -0.144566 6.963226 -0.000030 
4 -14.979443 0.000000 15.379443 99.758323 -0.020945 6.975931 -0.000039 
5 1.250000 0.000000 0.075000 109.787818 -0.337167 -1.347447 -0.205529 
6 -14.979443 0.000000 0.075000 99.756599 -0.002233 6.978175 -0.000007 
7 1.250000 0.000000 -15.229443 99.751520 0.065005 6.970247 0.000105 
8 17.479443 0.000000 0.075000 99.794776 1.446824 6.422560 -0.000234 
9 1.250000 0.000000 15.379443 99.761978 -0.075313 6.969520 -0.000103 
10 -6.864722 0.000000 -7.577222 99.749079 0.031338 6.977099 0.000144 
11 -14.979443 0.000000 -7.577222 99.754756 0.010737 6.977204 0.000031 
12 -6.864722 0.000000 -15.229443 99.752750 0.033626 6.974672 0.000074 
13 1.250000 0.000000 -7.577222 99.737030 0.118053 6.952215 0.000418 
14 -6.864722 0.000000 0.075000 99.757274 -0.003904 6.987170 -0.000033 
15 9.364722 0.000000 -7.577222 99.753155 0.225790 6.939291 0.000110 
16 9.364722 0.000000 -15.229443 99.753575 0.099093 6.966721 0.000068 
17 17.479443 0.000000 -7.577222 99.757055 0.245690 6.943966 0.000025 
18 9.364722 0.000000 0.075000 99.802526 1.593933 6.306444 -0.000286 
19 -6.864722 0.000000 7.727222 99.764583 -0.038683 6.976637 -0.000165 
20 -14.979443 0.000000 7.727222 99.758366 -0.015058 6.977115 -0.000041 
21 1.250000 0.000000 7.727222 99.778274 -0.136788 6.949414 -0.000402 
22 -6.864722 0.000000 15.379443 99.760438 -0.039639 6.974407 -0.000079 
23 -2.807361 0.000000 -3.751111 99.719276 0.058073 6.985212 0.000727 
24 -6.864722 0.000000 -3.751111 99.749065 0.020849 6.982689 0.000137 
25 -2.807361 0.000000 -7.577222 99.740664 0.063703 6.971391 0.000320 
26 1.250000 0.000000 -3.751111 99.674397 0.328528 6.875686 0.001763 
27 -2.807361 0.000000 0.075000 99.760652 -0.008372 7.001904 -0.000121 
28 9.364722 0.000000 7.727222 99.764566 -0.277501 6.927649 -0.000104 
29 17.479443 0.000000 7.727222 99.761408 -0.338088 6.920458 -0.000035 
30 9.364722 0.000000 15.379443 99.760290 -0.116753 6.964994 -0.000064 
31 5.307361 0.000000 -3.751111 99.745116 0.429320 6.837704 0.000397 
32 5.307361 0.000000 -7.577222 99.746413 0.187609 6.939955 0.000245 
33 9.364722 0.000000 -3.751111 99.759651 0.467342 6.861561 0.000071 
34 5.307361 0.000000 0.075000 99.875174 0.486836 5.267502 -0.000303 
35 -2.807361 0.000000 3.901111 99.796712 -0.070158 6.982478 -0.000814 
36 -6.864722 0.000000 3.901111 99.765071 -0.028458 6.982220 -0.000182 
37 1.250000 0.000000 3.901111 99.852348 -0.363094 6.865494 -0.001776 
38 -2.807361 0.000000 7.727222 99.773539 -0.074355 6.970218 -0.000335 
39 -0.778680 0.000000 -1.838055 99.554173 0.162884 7.050338 0.003923 
40 -2.807361 0.000000 -1.838055 99.719790 0.050883 7.010707 0.000681 
41 -0.778680 0.000000 -3.751111 99.682304 0.138581 6.954221 0.001506 
42 1.250000 0.000000 -1.838055 99.435289 0.703548 6.631664 0.006815 
43 -0.778680 0.000000 0.075000 99.793354 -0.031621 7.299435 -0.001200 
44 5.307361 0.000000 3.901111 99.784577 -0.518830 6.802867 -0.000351 
45 9.364722 0.000000 3.901111 99.772596 -0.625291 6.790831 -0.000108 
46 5.307361 0.000000 7.727222 99.770364 -0.220992 6.933539 -0.000225 
47 3.278680 0.000000 -1.838055 99.722631 0.934996 6.500104 0.001227 
48 3.278680 0.000000 -3.751111 99.716145 0.440286 6.829895 0.000985 
49 5.307361 0.000000 -1.838055 99.770920 0.888152 6.634408 0.000096 
50 3.278680 0.000000 0.075000 99.770060 -1.712717 2.761304 0.003538 
51 -0.778680 0.000000 1.988055 100.003120 -0.171422 7.058315 -0.005047 
52 -2.807361 0.000000 1.988055 99.799227 -0.064295 7.006432 -0.000898 
53 1.250000 0.000000 1.988055 100.092569 -0.709778 6.614913 -0.006278 
54 -0.778680 0.000000 3.901111 99.834547 -0.156004 6.948621 -0.001524 
55 0.235660 0.000000 -0.881528 99.160816 0.649921 6.937659 0.011858 
56 -0.778680 0.000000 -0.881528 99.507748 0.186272 7.263361 0.004542 
57 0.235660 0.000000 -1.838055 99.328266 0.399997 6.929477 0.008572 
58 1.250000 0.000000 -0.881528 99.083362 1.607191 6.000528 0.014390 
59 0.235660 0.000000 0.075000 101.391055 -0.005297 2.335614 -0.028560 
60 -10.922082 0.000000 -3.751111 99.754104 0.009072 6.979358 0.000041 
61 -14.979443 0.000000 -3.751111 99.755447 0.004910 6.977888 0.000016 
62 -10.922082 0.000000 -7.577222 99.753083 0.017532 6.977600 0.000064 
63 -10.922082 0.000000 0.075000 99.756769 -0.002880 6.980269 -0.000014 
64 -4.836041 0.000000 -1.838055 99.743781 0.017092 6.998772 0.000219 
65 -6.864722 0.000000 -1.838055 99.752105 0.009795 6.985853 0.000072 
66 -4.836041 0.000000 -3.751111 99.739407 0.032573 6.987259 0.000323 
67 -4.836041 0.000000 0.075000 99.758206 -0.005028 7.001156 -0.000072 
68 -1.793021 0.000000 -0.881528 99.682086 0.065218 7.130807 0.001263 
69 -2.807361 0.000000 -0.881528 99.742349 0.027300 6.997976 0.000249 
70 -1.793021 0.000000 -1.838055 99.691448 0.093719 7.008852 0.001248 
71 -1.793021 0.000000 0.075000 99.770343 0.004035 7.213197 -0.000615 
72 3.278680 0.000000 1.988055 99.831411 -1.037987 6.448166 -0.000897 
73 5.307361 0.000000 1.988055 99.791091 -1.085809 6.529525 -0.000208 
74 3.278680 0.000000 3.901111 99.809645 -0.491705 6.810906 -0.000860 
75 0.235660 0.000000 1.031528 100.353594 -0.547486 6.898171 -0.011873 
76 -0.778680 0.000000 1.031528 100.002118 -0.226903 7.167213 -0.005184 
77 1.250000 0.000000 1.031528 100.422812 -1.346471 6.071112 -0.012341 
78 0.235660 0.000000 1.988055 100.064813 -0.380329 6.874176 -0.006037 
79 -0.271510 0.000000 -0.403264 99.401623 0.406197 7.303595 0.006581 
80 -0.778680 0.000000 -0.403264 99.599273 0.121086 7.399419 0.002522 
81 -0.271510 0.000000 -0.881528 99.419542 0.342967 7.096950 0.006527 
82 0.235660 0.000000 -0.403264 98.791218 1.563603 6.813354 0.019143 
83 -0.271510 0.000000 0.075000 99.912173 -0.127796 7.597705 -0.004018 
84 2.264340 0.000000 -0.881528 99.798705 2.022964 6.097394 -0.000105 
85 2.264340 0.000000 -1.838055 99.562274 0.886101 6.430504 0.004522 
86 3.278680 0.000000 -0.881528 99.870893 1.548240 6.149187 -0.001440 
87 2.264340 0.000000 0.075000 98.146988 -0.525678 1.194461 0.036547 
88 0.742830 0.000000 -0.403264 99.366686 0.000000 7.047504 0.007659 
89 0.742830 0.000000 -0.881528 98.923397 0.967280 6.538221 0.017048 
90 1.250000 0.000000 -0.403264 96.987142 0.000000 3.626487 0.058034 
91 0.742830 0.000000 0.075000 81.493807 -6.629640 3.159315 0.330483 
92 -10.922082 0.000000 3.901111 99.759357 -0.014749 6.979219 -0.000064 
93 -14.979443 0.000000 3.901111 99.757728 -0.009339 6.977833 -0.000029 
94 -10.922082 0.000000 7.727222 99.760227 -0.022991 6.977410 -0.000079 
95 -4.836041 0.000000 1.988055 99.772130 -0.027144 6.997817 -0.000345 
96 -6.864722 0.000000 1.988055 99.762315 -0.017546 6.985548 -0.000132 
97 -4.836041 0.000000 3.901111 99.775578 -0.042356 6.986209 -0.000397 
98 -1.793021 0.000000 1.031528 99.849592 -0.084901 7.122431 -0.002068 
99 -2.807361 0.000000 1.031528 99.778217 -0.043605 6.996426 -0.000464 
100 -1.793021 0.000000 1.988055 99.824481 -0.130299 6.994138 -0.001386 
101 -0.271510 0.000000 0.553264 100.151174 -0.387053 7.224765 -0.008260 
102 -0.778680 0.000000 0.553264 99.975998 -0.155079 7.364889 -0.004947 
103 0.235660 0.000000 0.553264 100.654193 -0.902578 6.972353 -0.018069 
104 -0.271510 0.000000 1.031528 100.126208 -0.341270 7.073063 -0.007540 
105 -0.017925 0.000000 -0.164132 98.440326 1.652323 7.436501 0.025147 
106 -0.271510 0.000000 -0.164132 99.507677 0.297195 7.516393 0.004164 
107 -0.017925 0.000000 -0.403264 99.063495 0.893950 7.203139 0.013374 
108 0.235660 0.000000 -0.164132 97.710503 0.000000 4.206143 0.043497 
109 -0.017925 0.000000 0.075000 105.500593 0.000000 4.906003 -0.115444 
110 2.264340 0.000000 1.031528 99.868243 -1.995578 5.961400 -0.001319 
111 3.278680 0.000000 1.031528 99.678205 -1.687415 6.208060 0.002287 
112 2.264340 0.000000 1.988055 100.024516 -0.900942 6.365495 -0.004624 
113 0.742830 0.000000 0.553264 101.247216 -0.556228 6.387718 -0.029211 
114 1.250000 0.000000 0.553264 100.713163 -2.017109 5.525089 -0.017774 
115 0.742830 0.000000 1.031528 100.558877 -0.833538 6.517905 -0.015527 
116 0.489245 0.000000 -0.164132 99.147479 0.000000 4.379806 0.015059 
117 0.489245 0.000000 -0.403264 98.700612 1.689439 6.607838 0.021167 
118 0.742830 0.000000 -0.164132 80.386095 -5.334072 5.538627 0.347895 
119 0.489245 0.000000 0.075000 100.016828 -0.051235 2.371206 -0.000899 
120 -0.017925 0.000000 0.314132 100.625354 -0.993964 7.258834 -0.017914 
121 -0.271510 0.000000 0.314132 100.129129 -0.366855 7.378950 -0.008043 
122 0.235660 0.000000 0.314132 100.997825 -1.924140 6.568177 -0.024740 
123 -0.017925 0.000000 0.553264 100.393805 -0.670259 7.160809 -0.013064 
124 0.108867 0.000000 -0.044566 97.484202 0.003156 2.666813 0.048972 
125 -0.017925 0.000000 -0.044566 97.316262 0.021571 2.102394 0.052512 
126 0.108867 0.000000 -0.164132 96.985256 0.000000 4.649515 0.057224 
127 0.235660 0.000000 -0.044566 99.102120 -0.005172 1.727478 0.017579 
128 0.108867 0.000000 0.075000 102.661726 0.001476 3.594705 -0.055235 
129 -1.285850 0.000000 -0.403264 99.687746 0.056845 7.221422 0.001020 
130 -1.793021 0.000000 -0.403264 99.718869 0.040043 7.167814 0.000477 
131 -1.285850 0.000000 -0.881528 99.665083 0.102795 7.088752 0.001661 
132 -1.285850 0.000000 0.075000 99.777534 -0.022530 7.241232 -0.000799 
133 -0.525095 0.000000 -0.164132 99.668007 0.100075 7.326555 0.001260 
134 -0.778680 0.000000 -0.164132 99.706508 0.051134 7.291812 0.000544 
135 -0.525095 0.000000 -0.403264 99.566808 0.197732 7.269641 0.003356 
136 -0.525095 0.000000 0.075000 99.816220 -0.050266 7.344063 -0.001722 
137 -0.144718 0.000000 -0.044566 99.520779 0.291505 8.000532 0.003152 
138 -0.271510 0.000000 -0.044566 99.685133 0.109567 7.612545 0.000491 
139 -0.144718 0.000000 -0.164132 99.212206 0.639681 7.645689 0.009807 
140 -0.144718 0.000000 0.075000 100.159965 -0.367721 7.920653 -0.009489 
141 0.489245 0.000000 0.314132 100.583119 0.000000 4.967913 -0.014164 
142 0.742830 0.000000 0.314132 101.051498 0.000000 6.636968 -0.025545 
143 0.489245 0.000000 0.553264 100.933176 -0.901364 6.757532 -0.023398 
144 0.108867 0.000000 0.194566 102.170836 0.000000 4.908297 -0.046297 
145 -0.017925 0.000000 0.194566 100.965526 -1.363367 7.377037 -0.025032 
146 0.235660 0.000000 0.194566 101.733472 0.000000 4.554224 -0.037044 
147 0.108867 0.000000 0.314132 100.886562 -1.473324 6.937517 -0.022840 
148 0.045471 0.000000 0.015217 101.419436 0.012640 2.157062 -0.029056 
149 -0.017925 0.000000 0.015217 100.578873 0.018061 2.357263 -0.012167 
150 0.045471 0.000000 -0.044566 96.978083 0.008733 3.296693 0.058438 
151 0.108867 0.000000 0.015217 101.349892 0.007688 1.901942 -0.027542 
152 0.045471 0.000000 0.075000 103.817321 0.004696 4.075450 -0.079465 
153 0.362452 0.000000 0.194566 101.233490 0.000000 4.234642 -0.026615 
154 0.362452 0.000000 0.075000 100.671236 -0.038514 1.839567 -0.013808 
155 0.489245 0.000000 0.194566 100.783179 0.000000 4.650744 -0.017888 
156 0.362452 0.000000 0.314132 101.093740 0.000000 4.877464 -0.024373 
157 0.172264 0.000000 0.134783 102.138714 0.000000 4.384716 -0.045154 
158 0.108867 0.000000 0.134783 102.790515 0.000000 4.695631 -0.058794 
159 0.172264 0.000000 0.075000 102.049998 0.000002 2.879691 -0.042249 
160 0.235660 0.000000 0.134783 101.906760 0.000000 4.113127 -0.040191 
161 0.172264 0.000000 0.194566 102.107805 0.000000 4.589471 -0.044707 
162 -2.807361 0.000000 -11.403332 99.748503 0.054621 6.971692 0.000163 
163 -6.864722 0.000000 -11.403332 99.751126 0.034338 6.975147 0.000106 
164 -2.807361 0.000000 -15.229443 99.751747 0.047555 6.972799 0.000097 
165 1.250000 0.000000 -11.403332 99.747720 0.083653 6.965771 0.000186 
166 -0.778680 0.000000 -5.664166 99.718326 0.098312 6.958366 0.000783 
167 -2.807361 0.000000 -5.664166 99.729985 0.062915 6.974981 0.000528 
168 -0.778680 0.000000 -7.577222 99.737185 0.086641 6.962735 0.000401 
169 1.250000 0.000000 -5.664166 99.719350 0.148609 6.931260 0.000799 
170 0.235660 0.000000 -2.794583 99.514822 0.309117 6.918338 0.004884 
171 -0.778680 0.000000 -2.794583 99.644342 0.210641 6.969612 0.002239 
172 0.235660 0.000000 -3.751111 99.671229 0.253264 6.919276 0.001771 
173 1.250000 0.000000 -2.794583 99.513817 0.443654 6.784661 0.005077 
174 0.742830 0.000000 -1.359792 99.276210 0.671607 6.646754 0.009960 
175 0.235660 0.000000 -1.359792 99.353081 0.461445 6.875695 0.008148 
176 0.742830 0.000000 -1.838055 99.264323 0.536332 6.764450 0.010055 
177 1.250000 0.000000 -1.359792 99.345086 0.952909 6.394066 0.008876 
178 0.489245 0.000000 -0.642396 98.831106 1.010345 6.786238 0.018534 
179 0.235660 0.000000 -0.642396 99.021910 0.856700 6.973307 0.014530 
180 0.489245 0.000000 -0.881528 99.023523 0.764957 6.775972 0.014784 
181 0.742830 0.000000 -0.642396 98.616931 1.036041 6.514871 0.023118 
182 0.362452 0.000000 -0.283698 98.570037 0.000000 4.821372 0.026070 
183 0.235660 0.000000 -0.283698 98.039751 0.000000 4.807644 0.036509 
184 0.362452 0.000000 -0.403264 98.742849 1.747177 6.663896 0.020239 
185 0.489245 0.000000 -0.283698 99.059038 0.000000 4.866753 0.016362 
186 0.362452 0.000000 -0.164132 98.401281 0.000000 4.038031 0.030088 
187 1.757170 0.000000 0.553264 99.919485 -3.815274 5.939909 -0.003374 
188 1.757170 0.000000 0.075000 98.468336 0.350771 3.518679 0.029148 
189 2.264340 0.000000 0.553264 99.730176 -3.697741 6.308689 0.000042 
190 1.757170 0.000000 1.031528 100.088598 -1.842780 5.918506 -0.005615 
191 0.996415 0.000000 0.314132 102.970922 0.000000 4.239748 -0.062099 
192 0.996415 0.000000 0.075000 106.502486 -4.736240 -0.455104 -0.136542 
193 1.250000 0.000000 0.314132 100.720793 0.000000 4.074579 -0.016128 
194 0.996415 0.000000 0.553264 101.197755 -0.762164 5.811944 -0.027535 
195 1.757170 0.000000 -0.403264 99.803256 5.504309 5.414160 -0.002030 
196 1.757170 0.000000 -0.881528 99.510573 2.059555 5.864967 0.005901 
197 2.264340 0.000000 -0.403264 99.879588 3.694515 5.974629 -0.002528 
198 0.996415 0.000000 -0.164132 102.376152 -4.669512 1.572004 -0.050515 
199 0.996415 0.000000 -0.403264 96.719730 0.000000 6.096872 0.060812 
200 1.250000 0.000000 -0.164132 100.230829 0.093333 -0.730258 -0.004676 
201 0.996415 0.000000 -0.642396 98.569426 1.355623 6.047380 0.024566 
202 0.996415 0.000000 -0.881528 98.932296 1.228917 6.248585 0.017185 
203 1.250000 0.000000 -0.642396 98.869136 2.145008 5.639977 0.018848 
204 1.503585 0.000000 -0.164132 99.775653 0.000000 3.285325 0.003403 
205 1.503585 0.000000 -0.403264 99.386371 5.393608 5.034258 0.006791 
206 1.757170 0.000000 -0.164132 100.407265 0.046473 3.560795 -0.009430 
207 1.503585 0.000000 0.075000 99.065528 0.130893 2.892790 0.017764 
208 1.123207 0.000000 -0.283698 96.983148 0.000000 3.055562 0.058493 
209 0.996415 0.000000 -0.283698 96.565232 0.000000 6.405259 0.063413 
210 1.123207 0.000000 -0.403264 96.980590 0.000000 2.689921 0.058753 
211 1.250000 0.000000 -0.283698 97.996471 0.000000 3.264565 0.038603 
212 1.123207 0.000000 -0.164132 113.136045 -0.904598 -1.361284 -0.280244 
213 1.503585 0.000000 0.314132 99.285433 0.000000 5.364521 0.011362 
214 1.757170 0.000000 0.314132 98.417999 0.000000 6.359238 0.027346 
215 1.503585 0.000000 0.553264 100.213428 -3.283900 5.622718 -0.008513 
216 1.376793 0.000000 0.194566 99.738975 0.000000 4.351508 0.003320 
217 1.250000 0.000000 0.194566 101.316173 0.074569 0.887627 -0.026576 
218 1.376793 0.000000 0.075000 100.061493 0.024195 -0.034054 -0.001230 
219 1.503585 0.000000 0.194566 99.218848 0.000000 5.115034 0.012946 
220 1.376793 0.000000 0.314132 99.827414 0.000000 4.929143 0.001019 
221 1.123207 0.000000 0.194566 116.721699 -0.991099 -1.184098 -0.362634 
222 0.996415 0.000000 0.194566 109.793247 -4.019700 1.688557 -0.207357 
223 1.123207 0.000000 0.075000 118.381290 -2.468754 -2.327762 -0.402564 
224 1.123207 0.000000 0.314132 101.297238 0.000000 3.753025 -0.027522 
225 5.307361 0.000000 11.553332 99.764435 -0.134954 6.958579 -0.000138 
226 1.250000 0.000000 11.553332 99.766285 -0.097054 6.964483 -0.000183 
227 9.364722 0.000000 11.553332 99.761941 -0.167369 6.955394 -0.000085 
228 5.307361 0.000000 15.379443 99.761366 -0.096998 6.966832 -0.000088 
229 3.278680 0.000000 5.814166 99.788104 -0.240979 6.904061 -0.000539 
230 1.250000 0.000000 5.814166 99.796552 -0.171939 6.926209 -0.000735 
231 5.307361 0.000000 5.814166 99.772848 -0.305876 6.898588 -0.000231 
232 3.278680 0.000000 7.727222 99.774966 -0.177914 6.939359 -0.000323 
233 2.264340 0.000000 2.944583 99.886697 -0.612748 6.706640 -0.002271 
234 1.250000 0.000000 2.944583 100.008463 -0.476554 6.773295 -0.004780 
235 3.278680 0.000000 2.944583 99.816859 -0.681043 6.696598 -0.000871 
236 2.264340 0.000000 3.901111 99.832936 -0.437327 6.828617 -0.001344 
237 1.757170 0.000000 1.509792 100.040707 -1.178036 6.274491 -0.004890 
238 1.250000 0.000000 1.509792 100.188858 -0.930919 6.396127 -0.007958 
239 2.264340 0.000000 1.509792 100.007753 -1.292629 6.122198 -0.004070 
240 1.757170 0.000000 1.988055 100.090643 -0.817109 6.456165 -0.006049 
241 1.503585 0.000000 0.792396 100.310198 -2.256847 5.754250 -0.010034 
242 1.250000 0.000000 0.792396 100.587218 -1.713332 5.829147 -0.015470 
243 1.757170 0.000000 0.792396 100.080273 -2.498384 5.802180 -0.005597 
244 1.503585 0.000000 1.031528 100.254714 -1.602709 5.956203 -0.008905 
245 1.376793 0.000000 0.433698 100.350782 -3.378372 5.462531 -0.011153 
246 1.250000 0.000000 0.433698 101.359835 0.000000 4.557346 -0.029459 
247 1.503585 0.000000 0.433698 100.059497 -4.284629 5.683161 -0.006256 
248 1.376793 0.000000 0.553264 100.452872 -2.723856 5.544672 -0.012894 
249 1.313396 0.000000 0.254349 100.106265 0.000000 4.576973 -0.004221 
250 1.250000 0.000000 0.254349 100.541445 0.063862 1.762973 -0.011169 
251 1.313396 0.000000 0.194566 100.223203 0.055636 2.029938 -0.004881 
252 1.376793 0.000000 0.254349 99.708335 0.000000 4.675234 0.003639 
253 1.313396 0.000000 0.314132 100.335246 0.000000 4.415651 -0.008666 
254 5.307361 0.000000 -11.403332 99.750024 0.115362 6.960907 0.000147 
255 5.307361 0.000000 -15.229443 99.752326 0.083341 6.967988 0.000091 
256 9.364722 0.000000 -11.403332 99.752883 0.140208 6.959174 0.000091 
257 3.278680 0.000000 -5.664166 99.732981 0.206846 6.913118 0.000550 
258 3.278680 0.000000 -7.577222 99.741100 0.152558 6.943681 0.000348 
259 5.307361 0.000000 -5.664166 99.747376 0.255878 6.911840 0.000262 
260 2.264340 0.000000 -2.794583 99.641299 0.568653 6.725979 0.002605 
261 2.264340 0.000000 -3.751111 99.689841 0.394963 6.841477 0.001497 
262 3.278680 0.000000 -2.794583 99.720788 0.608319 6.732260 0.001007 
263 1.757170 0.000000 -1.359792 99.548350 1.202864 6.293037 0.004908 
264 1.757170 0.000000 -1.838055 99.437364 0.794218 6.468825 0.006973 
265 2.264340 0.000000 -1.359792 99.618298 1.301111 6.228753 0.003570 
266 1.503585 0.000000 -0.642396 99.268923 2.875270 5.536768 0.010676 
267 1.503585 0.000000 -0.881528 99.306262 1.958484 5.877976 0.009988 
268 1.757170 0.000000 -0.642396 99.560203 3.166369 5.640245 0.004593 
269 1.376793 0.000000 -0.283698 99.312080 0.000000 3.506649 0.012481 
270 1.376793 0.000000 -0.403264 99.050640 4.692399 4.919963 0.014275 
271 1.503585 0.000000 -0.283698 99.812384 0.000000 3.622327 0.002437 
272 1.376793 0.000000 -0.164132 99.505318 0.039843 1.606117 0.009611 
273 13.422082 0.000000 3.901111 99.772386 -0.696892 6.765542 -0.000079 
274 13.422082 0.000000 0.075000 99.797864 1.616719 6.375893 -0.000288 
275 17.479443 0.000000 3.901111 99.773867 -0.764125 6.734244 -0.000076 
276 13.422082 0.000000 7.727222 99.762228 -0.313464 6.924179 -0.000054 
277 7.336041 0.000000 1.988055 99.792871 -1.151756 6.509769 -0.000232 
278 7.336041 0.000000 0.075000 99.817385 1.307510 6.080501 -0.000219 
279 9.364722 0.000000 1.988055 99.791769 -1.234455 6.489787 -0.000204 
280 7.336041 0.000000 3.901111 99.772321 -0.572576 6.802578 -0.000112 
281 4.293021 0.000000 1.031528 99.761205 -1.606193 6.453859 0.000347 
282 4.293021 0.000000 0.075000 99.947375 -0.462009 4.378623 -0.000886 
283 5.307361 0.000000 1.031528 99.787213 -1.623487 6.482270 -0.000214 
284 4.293021 0.000000 1.988055 99.786030 -1.052023 6.524729 -0.000093 
285 2.771510 0.000000 0.553264 99.333693 -3.209528 6.585735 0.007914 
286 2.771510 0.000000 0.075000 99.708754 -1.256345 5.250904 0.002901 
287 3.278680 0.000000 0.553264 99.492710 -2.233065 6.891290 0.004872 
288 2.771510 0.000000 1.031528 99.712156 -1.865818 5.990302 0.001812 
289 2.010755 0.000000 0.314132 99.609552 -5.745720 7.697382 -0.001433 
290 2.010755 0.000000 0.075000 94.727593 -0.172954 1.400386 0.102469 
291 2.264340 0.000000 0.314132 99.795159 0.000000 7.444526 -0.001449 
292 2.010755 0.000000 0.553264 99.820480 -3.748907 6.209816 -0.001674 
293 13.422082 0.000000 -3.751111 99.761386 0.462181 6.874579 0.000019 
294 13.422082 0.000000 -7.577222 99.755936 0.242087 6.941591 0.000051 
295 17.479443 0.000000 -3.751111 99.761646 0.445741 6.885387 0.000001 
296 7.336041 0.000000 -1.838055 99.770432 0.837911 6.668421 0.000069 
297 7.336041 0.000000 -3.751111 99.759088 0.449923 6.855108 0.000093 
298 9.364722 0.000000 -1.838055 99.772677 0.811417 6.700311 -0.000014 
299 4.293021 0.000000 -0.881528 99.822160 1.419320 6.403555 -0.000748 
300 4.293021 0.000000 -1.838055 99.772529 0.904994 6.601647 0.000104 
301 5.307361 0.000000 -0.881528 99.794922 1.361391 6.426996 -0.000219 
302 2.771510 0.000000 -0.403264 100.081919 2.462494 6.067721 -0.005927 
303 2.771510 0.000000 -0.881528 99.814327 1.745517 5.969748 -0.000158 
304 3.278680 0.000000 -0.403264 100.029722 1.817768 6.136963 -0.004691 
305 2.010755 0.000000 -0.164132 100.080432 0.000000 3.810572 -0.003061 
306 2.010755 0.000000 -0.403264 99.894953 4.657123 5.801780 -0.003435 
307 2.264340 0.000000 -0.164132 99.805259 0.000000 3.829820 0.002424 
308 2.517925 0.000000 0.314132 99.465703 0.109372 7.747174 0.004654 
309 2.517925 0.000000 0.075000 99.402173 -3.292234 5.780875 0.007495 
310 2.771510 0.000000 0.314132 99.276250 0.543413 7.600144 0.008617 
311 2.517925 0.000000 0.553264 99.526430 -3.548105 6.397465 0.004097 
312 2.137548 0.000000 0.194566 100.372889 -0.000000 7.977145 -0.013835 
313 2.010755 0.000000 0.194566 98.343579 0.000000 5.921167 0.029348 
314 2.137548 0.000000 0.075000 96.591232 -2.097623 1.783116 0.066255 
315 2.264340 0.000000 0.194566 99.979468 -0.000000 7.031303 -0.004533 
316 2.137548 0.000000 0.314132 99.876094 -0.000000 7.662000 -0.003394 
317 1.883963 0.000000 0.194566 98.194611 0.000000 6.335554 0.031768 
318 1.757170 0.000000 0.194566 98.377614 0.000000 6.182786 0.028362 
319 1.883963 0.000000 0.075000 98.547149 0.425553 2.986341 0.027936 
320 1.883963 0.000000 0.314132 98.174801 0.000000 7.223225 0.030953 
321 2.517925 0.000000 -0.164132 100.022301 3.455835 6.344830 -0.005666 
322 2.517925 0.000000 -0.403264 99.995573 2.969862 6.130240 -0.004551 
323 2.771510 0.000000 -0.164132 100.128092 2.525303 6.164605 -0.007001 
324 2.137548 0.000000 -0.044566 96.263390 0.006154 1.058002 0.073224 
325 2.010755 0.000000 -0.044566 98.005040 -0.088443 1.597199 0.039245 
326 2.137548 0.000000 -0.164132 99.640009 0.000000 3.734520 0.005792 
327 2.264340 0.000000 -0.044566 98.402520 0.389885 1.950174 0.031299 
328 2.074151 0.000000 0.134783 100.256998 -0.069522 6.606303 -0.009511 
329 2.010755 0.000000 0.134783 98.533599 0.030715 5.803309 0.025745 
330 2.074151 0.000000 0.075000 94.225287 -0.185432 1.926085 0.111785 
331 2.137548 0.000000 0.134783 101.155528 -0.020801 7.001728 -0.028147 
332 2.074151 0.000000 0.194566 99.666889 -0.000000 7.237173 0.001413 
333 1.883963 0.000000 -0.044566 99.419334 0.452106 1.965081 0.011173 
334 1.757170 0.000000 -0.044566 99.539798 0.468222 1.705715 0.008870 
335 1.883963 0.000000 -0.164132 100.418569 0.052127 3.658673 -0.009728 
336 2.074151 0.000000 0.015217 91.561945 -0.373057 -0.545122 0.161597 
337 2.010755 0.000000 0.015217 95.224244 -0.171281 0.750880 0.093175 
338 2.074151 0.000000 -0.044566 95.567276 -0.350977 0.874309 0.086601 
339 2.137548 0.000000 0.015217 93.481363 -0.051685 0.029236 0.126123 
340 2.391133 0.000000 0.194566 99.662057 0.000000 7.062857 0.001759 
341 2.391133 0.000000 0.075000 98.946341 0.369741 1.490022 0.020726 
342 2.517925 0.000000 0.194566 99.448109 -0.952178 7.487289 0.005311 
343 2.391133 0.000000 0.314132 99.622697 -0.543538 7.496387 0.001883 
344 2.200944 0.000000 0.134783 100.598372 0.009224 5.374171 -0.014891 
345 2.200944 0.000000 0.075000 97.571947 0.079307 1.843649 0.047631 
346 2.264340 0.000000 0.134783 99.865709 0.012231 5.047657 0.000136 
347 2.200944 0.000000 0.194566 100.211892 0.000000 7.273899 -0.009533 
348 2.105850 0.000000 0.104891 101.656828 -0.010186 7.437354 -0.038943 
349 2.074151 0.000000 0.104891 97.986548 -0.080593 4.835976 0.037524 
350 2.105850 0.000000 0.075000 96.518170 -3.075057 1.360476 0.067294 
351 2.137548 0.000000 0.104891 101.469320 -0.020164 6.684886 -0.034071 
352 2.105850 0.000000 0.134783 101.078296 -0.020204 7.532084 -0.027355 
353 2.391133 0.000000 -0.044566 99.816181 0.275646 2.121847 0.003215 
354 2.391133 0.000000 -0.164132 100.034524 4.429543 6.070209 -0.006337 
355 2.517925 0.000000 -0.044566 100.260801 0.549863 1.152011 -0.005386 
356 2.200944 0.000000 0.015217 95.468293 0.090015 0.483590 0.088556 
357 2.200944 0.000000 -0.044566 96.949835 0.101404 1.186994 0.059931 
358 2.264340 0.000000 0.015217 97.398962 0.165811 0.780522 0.051281 
359 2.169246 0.000000 0.104891 101.043651 0.010353 5.692834 -0.024223 
360 2.169246 0.000000 0.075000 96.506595 -0.655261 1.813713 0.068276 
361 2.200944 0.000000 0.104891 100.162514 0.110711 4.533889 -0.005310 
362 2.169246 0.000000 0.134783 101.027419 0.000000 6.214701 -0.024516 
363 3.785850 0.000000 -0.403264 99.884991 1.681360 6.254620 -0.001896 
364 3.785850 0.000000 -0.881528 99.844547 1.465830 6.313093 -0.001094 
365 4.293021 0.000000 -0.403264 99.829405 1.658422 6.344602 -0.000891 
366 3.785850 0.000000 0.075000 100.076909 -1.218988 3.740701 -0.003087 
367 3.025095 0.000000 -0.164132 100.174811 1.799257 5.937063 -0.007348 
368 3.025095 0.000000 -0.403264 100.097792 2.072202 6.053169 -0.006050 
369 3.278680 0.000000 -0.164132 100.070065 1.356148 5.868484 -0.005030 
370 3.025095 0.000000 0.075000 99.879271 -1.775677 3.957749 0.000531 
371 2.644718 0.000000 -0.044566 99.949346 2.178915 5.872387 -0.002910 
372 2.644718 0.000000 -0.164132 100.026985 2.884049 6.177409 -0.005188 
373 2.771510 0.000000 -0.044566 100.049245 1.921890 5.772702 -0.004687 
374 2.644718 0.000000 0.075000 99.743036 -1.859168 5.389721 0.001882 
375 2.454529 0.000000 0.015217 99.274099 0.374063 1.623583 0.014188 
376 2.391133 0.000000 0.015217 99.035859 0.398651 1.359587 0.018989 
377 2.454529 0.000000 -0.044566 99.735081 0.418585 1.484672 0.005053 
378 2.517925 0.000000 0.015217 99.569390 0.410401 1.497959 0.008352 
379 2.454529 0.000000 0.075000 98.489399 0.215926 2.070083 0.029551 
380 2.327736 0.000000 0.015217 97.991150 0.392397 1.033563 0.039651 
381 2.327736 0.000000 -0.044566 99.332883 0.300038 2.205437 0.012802 
382 2.327736 0.000000 0.075000 98.695478 0.356688 2.656147 0.025202 
383 2.327736 0.000000 0.134783 99.462634 0.000000 5.704311 0.007465 
384 2.391133 0.000000 0.134783 99.066770 0.000000 4.990977 0.016087 
385 2.327736 0.000000 0.194566 99.705183 0.000000 7.046468 0.000922 
386 2.296038 0.000000 0.045109 97.352460 -0.689856 0.473787 0.052180 
387 2.264340 0.000000 0.045109 97.034324 -0.749244 0.134145 0.058376 
388 2.296038 0.000000 0.015217 97.713368 -0.073675 0.699759 0.045160 
389 2.327736 0.000000 0.045109 97.837703 0.009326 0.992065 0.042680 
390 2.296038 0.000000 0.075000 97.714862 -0.802966 0.986053 0.045019 
391 2.359435 0.000000 0.045109 98.558512 0.409352 1.526515 0.028372 
392 2.359435 0.000000 0.015217 98.618162 0.422792 1.303730 0.027258 
393 2.391133 0.000000 0.045109 98.865643 0.283792 1.839576 0.022212 
394 2.359435 0.000000 0.075000 98.781803 0.329677 2.425554 0.023616 
395 2.296038 0.000000 0.104891 99.329860 0.085553 4.672406 0.011174 
396 2.264340 0.000000 0.104891 99.630273 0.101735 4.345659 0.005491 
397 2.327736 0.000000 0.104891 99.282562 0.034974 5.126678 0.011669 
398 2.296038 0.000000 0.134783 99.616225 0.006565 5.445047 0.004696 
399 2.311887 0.000000 0.060054 97.788763 -0.476995 0.813330 0.043647 
400 2.296038 0.000000 0.060054 97.562643 -0.793356 0.401495 0.048074 
401 2.311887 0.000000 0.045109 97.615649 -0.435327 0.711718 0.047049 
402 2.327736 0.000000 0.060054 98.103244 -0.005606 1.269744 0.037414 
403 2.311887 0.000000 0.075000 97.951398 -0.494268 1.327662 0.040352 
404 -10.922082 0.000000 -11.403332 99.753286 0.022000 6.976312 0.000061 
405 -14.979443 0.000000 -11.403332 99.754576 0.014698 6.976521 0.000035 
406 -10.922082 0.000000 -15.229443 99.753848 0.023704 6.975644 0.000051 
407 13.422082 0.000000 -11.403332 99.754759 0.154998 6.959217 0.000053 
408 13.422082 0.000000 -15.229443 99.754663 0.110441 6.966309 0.000047 
409 17.479443 0.000000 -11.403332 99.755797 0.162315 6.959830 0.000032 
410 -2.807361 0.000000 11.553332 99.765120 -0.063827 6.971011 -0.000168 
411 -6.864722 0.000000 11.553332 99.762232 -0.041025 6.974795 -0.000115 
412 -2.807361 0.000000 15.379443 99.761577 -0.055334 6.972357 -0.000099 
413 -10.922082 0.000000 11.553332 99.759894 -0.027154 6.976129 -0.000070 
414 -14.979443 0.000000 11.553332 99.758489 -0.018856 6.976422 -0.000043 
415 -10.922082 0.000000 15.379443 99.759240 -0.028508 6.975485 -0.000056 
416 -4.836041 0.000000 -5.664166 99.742650 0.042162 6.978656 0.000270 
417 -6.864722 0.000000 -5.664166 99.748480 0.027806 6.979194 0.000153 
418 -4.836041 0.000000 -7.577222 99.745472 0.044629 6.975298 0.000218 
419 13.422082 0.000000 11.553332 99.760295 -0.190516 6.953761 -0.000051 
420 17.479443 0.000000 11.553332 99.759402 -0.206772 6.952589 -0.000032 
421 13.422082 0.000000 15.379443 99.759331 -0.132562 6.963910 -0.000044 
422 7.336041 0.000000 -5.664166 99.751684 0.291616 6.912545 0.000173 
423 7.336041 0.000000 -7.577222 99.750566 0.211726 6.939004 0.000163 
424 9.364722 0.000000 -5.664166 99.754971 0.312633 6.915657 0.000102 
425 -0.778680 0.000000 5.814166 99.796987 -0.113816 6.955409 -0.000783 
426 -2.807361 0.000000 5.814166 99.784912 -0.074655 6.973304 -0.000566 
427 -0.778680 0.000000 7.727222 99.777497 -0.100664 6.960925 -0.000401 
428 -4.836041 0.000000 5.814166 99.771621 -0.051143 6.977755 -0.000307 
429 -6.864722 0.000000 5.814166 99.765406 -0.035490 6.978691 -0.000184 
430 -4.836041 0.000000 7.727222 99.768440 -0.053470 6.974554 -0.000239 
431 -1.793021 0.000000 -2.794583 99.710300 0.104140 6.970829 0.000925 
432 -2.807361 0.000000 -2.794583 99.716898 0.051139 6.994598 0.000761 
433 -1.793021 0.000000 -3.751111 99.703341 0.083746 6.974804 0.001059 
434 7.336041 0.000000 5.814166 99.769485 -0.357501 6.893358 -0.000160 
435 9.364722 0.000000 5.814166 99.766770 -0.395095 6.890160 -0.000104 
436 7.336041 0.000000 7.727222 99.766761 -0.253968 6.930093 -0.000150 
437 4.293021 0.000000 -2.794583 99.744562 0.630147 6.748234 0.000509 
438 4.293021 0.000000 -3.751111 99.734817 0.464675 6.831897 0.000608 
439 5.307361 0.000000 -2.794583 99.753885 0.632452 6.764630 0.000300 
440 0.235660 0.000000 2.944583 99.940975 -0.354905 6.894688 -0.003586 
441 -0.778680 0.000000 2.944583 99.859951 -0.236902 6.952742 -0.002041 
442 0.235660 0.000000 3.901111 99.853559 -0.280288 6.912680 -0.001860 
443 -1.793021 0.000000 2.944583 99.824184 -0.112301 6.980078 -0.001360 
444 -2.807361 0.000000 2.944583 99.800378 -0.062980 6.991298 -0.000900 
445 -1.793021 0.000000 3.901111 99.812784 -0.096126 6.969812 -0.001118 
446 -0.271510 0.000000 -1.359792 99.336285 0.320750 7.128839 0.008138 
447 -0.778680 0.000000 -1.359792 99.507183 0.173131 7.123350 0.004755 
448 -0.271510 0.000000 -1.838055 99.526231 0.260397 6.965705 0.004594 
449 -1.285850 0.000000 -1.359792 99.598638 0.109849 7.135306 0.002919 
450 -1.793021 0.000000 -1.359792 99.683366 0.090502 7.053857 0.001346 
451 -1.285850 0.000000 -1.838055 99.601164 0.146177 7.076158 0.002951 
452 4.293021 0.000000 2.944583 99.794730 -0.721657 6.700871 -0.000441 
453 5.307361 0.000000 2.944583 99.787032 -0.752641 6.702008 -0.000294 
454 4.293021 0.000000 3.901111 99.793285 -0.530229 6.805414 -0.000529 
455 0.742830 0.000000 1.509792 100.239181 -0.668331 6.632140 -0.009233 
456 0.235660 0.000000 1.509792 100.181342 -0.467156 6.859788 -0.008358 
457 0.742830 0.000000 1.988055 100.097846 -0.547334 6.760717 -0.006559 
458 -0.271510 0.000000 1.509792 100.182331 -0.329213 7.085682 -0.008681 
459 -0.778680 0.000000 1.509792 99.955441 -0.207260 7.035640 -0.004063 
460 -0.271510 0.000000 1.988055 99.963002 -0.281525 6.938861 -0.004083 
461 -0.017925 0.000000 -0.642396 99.221298 0.630033 7.114677 0.010412 
462 -0.271510 0.000000 -0.642396 99.397688 0.382524 7.181236 0.006838 
463 -0.017925 0.000000 -0.881528 99.301978 0.481610 7.042035 0.008929 
464 2.771510 0.000000 -1.359792 99.694276 1.211975 6.205782 0.002107 
465 2.771510 0.000000 -1.838055 99.629806 0.883006 6.414504 0.003198 
466 3.278680 0.000000 -1.359792 99.756505 1.197981 6.303324 0.000747 
467 -1.285850 0.000000 0.553264 99.861513 -0.068469 7.209403 -0.002430 
468 -1.793021 0.000000 0.553264 99.817427 -0.024878 7.162570 -0.001482 
469 -1.285850 0.000000 1.031528 99.870902 -0.107740 7.079144 -0.002432 
470 -1.285850 0.000000 1.509792 99.932312 -0.107058 7.118694 -0.003715 
471 -1.793021 0.000000 1.509792 99.842245 -0.110071 7.045522 -0.001813 
472 -1.285850 0.000000 1.988055 99.922551 -0.165954 7.061326 -0.003441 
473 -0.525095 0.000000 0.314132 99.939036 -0.175354 7.286556 -0.004094 
474 -0.778680 0.000000 0.314132 99.873247 -0.108119 7.273950 -0.002759 
475 -0.525095 0.000000 0.553264 100.005805 -0.238311 7.223480 -0.005340 
476 0.108867 0.000000 -0.283698 98.587905 1.873652 6.850597 0.022998 
477 -0.017925 0.000000 -0.283698 98.876092 1.160035 7.263403 0.016942 
478 0.108867 0.000000 -0.403264 98.892868 1.228240 7.025666 0.016933 
479 2.771510 0.000000 1.509792 99.879288 -1.308061 6.145073 -0.001535 
480 3.278680 0.000000 1.509792 99.806021 -1.315883 6.258690 -0.000214 
481 2.771510 0.000000 1.988055 99.916691 -1.002788 6.378005 -0.002503 
482 0.996415 0.000000 0.792396 100.809972 -1.188515 6.089544 -0.020115 
483 0.742830 0.000000 0.792396 100.839193 -0.906662 6.452296 -0.021100 
484 0.996415 0.000000 1.031528 100.540492 -1.051822 6.271060 -0.014882 
485 0.489245 0.000000 0.792396 100.683953 -0.748330 6.754246 -0.018344 
486 0.235660 0.000000 0.792396 100.489084 -0.679217 6.953645 -0.014687 
487 0.489245 0.000000 1.031528 100.481617 -0.700371 6.738671 -0.014246 
488 0.362452 0.000000 -0.044566 99.582683 -0.039912 1.477305 0.008111 
489 0.489245 0.000000 -0.044566 99.676445 -0.198839 1.726072 0.006159 
490 -0.144718 0.000000 0.194566 100.351047 -0.610343 7.578663 -0.012814 
491 -0.271510 0.000000 0.194566 100.064931 -0.293779 7.490565 -0.006919 
492 -0.144718 0.000000 0.314132 100.334078 -0.617143 7.385523 -0.012185 
493 0.172264 0.000000 0.015217 100.570476 0.003230 1.446844 -0.011651 
494 0.172264 0.000000 -0.044566 99.029435 0.002282 1.590681 0.019064 
495 0.235660 0.000000 0.015217 100.256172 -0.006032 1.275537 -0.005293 
496 0.045471 0.000000 0.134783 103.314653 0.000000 4.653923 -0.069558 
497 -0.017925 0.000000 0.134783 101.308580 -1.689007 7.552854 -0.032333 
498 0.045471 0.000000 0.194566 101.302579 -1.991320 6.993039 -0.031508 
499 2.010755 0.000000 0.792396 99.916144 -2.621630 5.898574 -0.002490 
500 2.264340 0.000000 0.792396 99.733193 -2.597562 6.069814 0.000970 
501 2.010755 0.000000 1.031528 99.940501 -1.970199 5.952767 -0.002742 
502 1.123207 0.000000 0.433698 101.359835 0.000000 4.557346 -0.029459 
503 0.996415 0.000000 0.433698 102.166549 0.000000 5.378134 -0.046693 
504 1.123207 0.000000 0.553264 100.980303 -1.304229 5.612524 -0.023022 
505 2.010755 0.000000 -0.642396 99.719731 2.967081 5.777960 0.001379 
506 2.010755 0.000000 -0.881528 99.641782 2.106509 5.940793 0.003178 
507 2.264340 0.000000 -0.642396 99.819325 2.684015 5.896160 -0.000587 
508 1.123207 0.000000 -0.044566 117.127327 -2.383708 -2.259891 -0.372960 
509 0.996415 0.000000 -0.044566 105.638365 -5.287748 -0.198395 -0.118746 
510 1.250000 0.000000 -0.044566 111.440191 -0.424859 -2.133999 -0.242365 
511 1.376793 0.000000 -0.044566 100.093740 0.069651 -0.546766 -0.001906 
512 1.503585 0.000000 -0.044566 99.527508 0.280999 1.692092 0.009133 
513 1.630378 0.000000 0.194566 98.668248 0.000000 5.381864 0.023561 
514 1.630378 0.000000 0.075000 98.715188 0.219635 3.110357 0.024559 
515 1.630378 0.000000 0.314132 98.751326 0.000000 5.922219 0.021310 
516 1.630378 0.000000 0.433698 99.836009 -4.749462 5.956913 -0.002527 
517 1.757170 0.000000 0.433698 99.702167 -4.878888 6.262578 -0.000355 
518 1.630378 0.000000 0.553264 100.042644 -3.640291 5.782124 -0.005522 
519 3.785850 0.000000 0.553264 99.641693 -1.964978 7.518308 0.001115 
520 4.293021 0.000000 0.553264 99.613970 -1.256281 8.695987 -0.000014 
521 3.785850 0.000000 1.031528 99.730554 -1.624120 6.375774 0.001053 
522 3.785850 0.000000 1.509792 99.769288 -1.308865 6.389870 0.000355 
523 4.293021 0.000000 1.509792 99.776073 -1.311608 6.431662 0.000165 
524 3.785850 0.000000 1.988055 99.781608 -1.041602 6.518756 0.000005 
525 3.025095 0.000000 0.314132 99.597614 3.147588 7.400838 0.001564 
526 3.278680 0.000000 0.314132 99.658924 2.848265 5.951002 0.002457 
527 3.025095 0.000000 0.553264 99.376349 -2.644770 6.754545 0.007172 
528 2.517925 0.000000 0.792396 99.646459 -2.488638 6.032040 0.002800 
529 2.771510 0.000000 0.792396 99.555990 -2.307938 6.099583 0.004607 
530 2.517925 0.000000 1.031528 99.749253 -1.954512 6.017493 0.001006 
531 1.883963 0.000000 0.433698 99.686743 -4.797397 6.555312 -0.000343 
532 2.010755 0.000000 0.433698 99.747266 -4.606537 6.761003 -0.001645 
533 1.883963 0.000000 0.553264 99.851766 -3.846951 6.092625 -0.002229 
534 3.785850 0.000000 -1.359792 99.794604 1.158392 6.436851 -0.000174 
535 3.785850 0.000000 -1.838055 99.772311 0.924841 6.582456 0.000130 
536 4.293021 0.000000 -1.359792 99.796205 1.124291 6.498623 -0.000278 
537 2.517925 0.000000 -0.642396 99.892621 2.367220 5.948091 -0.001952 
538 2.517925 0.000000 -0.881528 99.817546 1.896243 6.048507 -0.000372 
539 2.771510 0.000000 -0.642396 99.943755 2.111146 5.974099 -0.002890 
540 3.025095 0.000000 -0.642396 99.967601 1.890195 6.029822 -0.003345 
541 3.025095 0.000000 -0.881528 99.869695 1.623976 6.065469 -0.001338 
542 3.278680 0.000000 -0.642396 99.951099 1.743427 6.119732 -0.003071 
543 2.644718 0.000000 0.194566 99.493619 -0.299098 7.131646 0.005007 
544 2.771510 0.000000 0.194566 99.743151 0.357452 6.918837 0.000331 
545 2.644718 0.000000 0.314132 99.372084 0.207961 7.641307 0.006676 
546 2.454529 0.000000 0.134783 99.396999 0.920430 6.374223 0.007876 
547 2.517925 0.000000 0.134783 99.555514 1.423455 6.041447 0.005017 
548 2.454529 0.000000 0.194566 99.428888 -1.347470 7.478368 0.005615 
549 2.232642 0.000000 0.104891 99.810549 0.106420 4.221941 0.002002 
550 2.232642 0.000000 0.075000 97.886349 -0.149725 1.253025 0.041667 
551 2.232642 0.000000 0.134783 100.128158 0.011973 5.028228 -0.005093 
552 2.232642 0.000000 0.045109 96.541191 -0.275416 0.169329 0.067969 
553 2.200944 0.000000 0.045109 94.937150 -0.087799 0.113883 0.098692 
554 2.232642 0.000000 0.015217 96.769414 0.284565 0.659384 0.063516 
555 2.169246 0.000000 0.045109 91.800115 -1.248925 -0.672245 0.157073 
556 2.137548 0.000000 0.045109 92.560114 -2.615775 -0.694127 0.142530 
557 2.169246 0.000000 0.015217 94.335339 0.002279 0.312512 0.110075 
558 2.359435 0.000000 0.104891 99.235145 0.162898 4.016076 0.013623 
559 2.391133 0.000000 0.104891 99.062388 0.303224 2.638257 0.017959 
560 2.359435 0.000000 0.134783 99.324632 0.000000 5.437423 0.010505 
561 -0.525095 0.000000 -0.642396 99.523834 0.237205 7.189841 0.004326 
562 -0.778680 0.000000 -0.642396 99.539051 0.161430 7.333459 0.003817 
563 -0.525095 0.000000 -0.881528 99.486986 0.256151 7.173875 0.005081 
564 -0.017925 0.000000 0.792396 100.296344 -0.501872 7.070292 -0.010960 
565 -0.271510 0.000000 0.792396 100.144507 -0.366812 7.130256 -0.007990 
566 -0.017925 0.000000 1.031528 100.236811 -0.438634 7.004308 -0.009667 
567 -0.525095 0.000000 0.792396 100.028723 -0.260312 7.151705 -0.005696 
568 -0.778680 0.000000 0.792396 100.019086 -0.190102 7.294425 -0.005706 
569 -0.525095 0.000000 1.031528 100.142121 -0.271652 7.252466 -0.008112 
570 -0.144718 0.000000 -0.283698 99.210118 0.666878 7.410459 0.010199 
571 -0.271510 0.000000 -0.283698 99.426981 0.383884 7.398286 0.005939 
572 -0.144718 0.000000 -0.403264 99.251850 0.613354 7.288216 0.009558 
573 1.630378 0.000000 -0.044566 99.600698 0.295414 1.855824 0.007617 
574 1.630378 0.000000 -0.164132 100.220253 0.000000 3.467446 -0.005612 
575 3.025095 0.000000 0.792396 99.534606 -2.059361 6.216714 0.004997 
576 3.278680 0.000000 0.792396 99.585704 -1.860138 6.329500 0.003916 
577 3.025095 0.000000 1.031528 99.676866 -1.768808 6.082847 0.002439 
578 2.137548 0.000000 0.433698 99.793393 -4.834809 6.846165 -0.002897 
579 2.264340 0.000000 0.433698 99.683531 -7.546125 6.744019 -0.003923 
580 2.137548 0.000000 0.553264 99.790177 -3.719191 6.285437 -0.001142 
581 2.391133 0.000000 0.433698 99.440869 -7.329314 7.392138 0.000315 
582 2.517925 0.000000 0.433698 99.130501 -8.308774 9.195364 0.001955 
583 2.391133 0.000000 0.553264 99.593995 -3.648627 6.464972 0.002593 
584 2.105850 0.000000 0.045109 93.197279 -3.180715 -0.603268 0.130379 
585 2.074151 0.000000 0.045109 93.919044 -2.071073 0.177750 0.117489 
586 2.105850 0.000000 0.015217 92.299318 -2.289735 -0.715365 0.147508 
587 1.630378 0.000000 -0.283698 100.155661 0.000000 3.713755 -0.004495 
588 1.630378 0.000000 -0.403264 99.639029 5.608254 5.206231 0.001351 
589 1.757170 0.000000 -0.283698 100.516566 0.000000 3.801774 -0.011803 
590 1.883963 0.000000 -0.283698 100.595355 0.000000 4.359211 -0.013843 
591 1.883963 0.000000 -0.403264 99.881722 5.176152 5.626718 -0.003481 
592 2.010755 0.000000 -0.283698 100.669515 0.000000 4.513878 -0.015473 
593 2.137548 0.000000 -0.283698 99.955004 5.335309 6.033351 -0.005587 
594 2.137548 0.000000 -0.403264 99.877656 4.159646 5.948690 -0.002824 
595 2.264340 0.000000 -0.283698 99.920898 4.456499 6.065757 -0.004084 
596 2.644718 0.000000 0.433698 99.354006 -3.066412 6.983818 0.007060 
597 2.771510 0.000000 0.433698 98.785674 -2.685807 13.702555 0.004642 
598 2.644718 0.000000 0.553264 99.402124 -3.408402 6.520881 0.006508 
599 2.391133 0.000000 -0.283698 99.948033 3.784383 6.105323 -0.004121 
600 2.391133 0.000000 -0.403264 99.947051 3.292898 6.120562 -0.003772 
601 2.517925 0.000000 -0.283698 99.985722 3.273834 6.229890 -0.004667 
602 2.644718 0.000000 -0.283698 100.049493 2.884257 6.116807 -0.005564 
603 2.644718 0.000000 -0.403264 100.029056 2.691552 6.043954 -0.004959 
604 2.771510 0.000000 -0.283698 100.124144 2.578410 6.128716 -0.006905 
1 11 62 60 61 
2 62 10 24 60 
3 60 24 14 63 
4 61 60 63 6 
5 24 66 64 65 
6 66 23 40 64 
7 64 40 27 67 
8 65 64 67 14 
9 40 70 68 69 
10 69 68 71 27 
11 6 63 92 93 
12 63 14 36 92 
13 92 36 19 94 
14 93 92 94 20 
15 14 67 95 96 
16 67 27 52 95 
17 95 52 35 97 
18 96 95 97 36 
19 27 71 98 99 
20 99 98 100 52 
21 117 88 118 116 
22 116 118 91 119 
23 120 122 103 123 
24 121 120 123 101 
25 105 126 124 125 
26 126 108 127 124 
27 68 131 129 130 
28 131 56 80 129 
29 129 80 43 132 
30 130 129 132 71 
31 80 135 133 134 
32 135 79 106 133 
33 133 106 83 136 
34 134 133 136 43 
35 106 139 137 138 
36 139 105 125 137 
37 137 125 109 140 
38 138 137 140 83 
39 119 91 142 141 
40 141 142 113 143 
41 122 141 143 103 
42 144 146 122 147 
43 145 144 147 120 
44 125 150 148 149 
45 150 124 151 148 
46 148 151 128 152 
47 149 148 152 109 
48 59 154 153 146 
49 154 119 155 153 
50 153 155 141 156 
51 146 153 156 122 
52 128 159 157 158 
53 159 59 160 157 
54 157 160 146 161 
55 158 157 161 144 
56 12 164 162 163 
57 164 7 165 162 
58 162 165 13 25 
59 163 162 25 10 
60 25 168 166 167 
61 168 13 169 166 
62 166 169 26 41 
63 167 166 41 23 
64 41 172 170 171 
65 172 26 173 170 
66 170 173 42 57 
67 171 170 57 39 
68 57 176 174 175 
69 176 42 177 174 
70 174 177 58 89 
71 175 174 89 55 
72 55 180 178 179 
73 180 89 181 178 
74 178 181 88 117 
75 179 178 117 82 
76 82 184 182 183 
77 184 117 185 182 
78 182 185 116 186 
79 183 182 186 108 
80 91 192 191 142 
81 142 191 194 113 
82 88 199 198 118 
83 118 198 192 91 
84 89 202 201 181 
85 202 58 203 201 
86 201 203 90 199 
87 181 201 199 88 
88 199 210 208 209 
89 210 90 211 208 
90 208 211 200 212 
91 209 208 212 198 
92 5 218 216 217 
93 218 207 219 216 
94 216 219 213 220 
95 192 223 221 222 
96 223 5 217 221 
97 221 217 193 224 
98 222 221 224 191 
99 21 46 225 226 
100 46 28 227 225 
101 225 227 30 228 
102 226 225 228 9 
103 37 74 229 230 
104 74 44 231 229 
105 229 231 46 232 
106 230 229 232 21 
107 53 112 233 234 
108 112 72 235 233 
109 233 235 74 236 
110 234 233 236 37 
111 77 190 237 238 
112 190 110 239 237 
113 237 239 112 240 
114 238 237 240 53 
115 114 215 241 242 
116 215 187 243 241 
117 241 243 190 244 
118 242 241 244 77 
119 193 220 245 246 
120 220 213 247 245 
121 245 247 215 248 
122 246 245 248 114 
123 217 251 249 250 
124 251 216 252 249 
125 249 252 220 253 
126 250 249 253 193 
127 7 255 254 165 
128 255 16 256 254 
129 254 256 15 32 
130 165 254 32 13 
131 13 258 257 169 
132 258 32 259 257 
133 257 259 31 48 
134 169 257 48 26 
135 26 261 260 173 
136 261 48 262 260 
137 260 262 47 85 
138 173 260 85 42 
139 42 264 263 177 
140 264 85 265 263 
141 263 265 84 196 
142 177 263 196 58 
143 58 267 266 203 
144 267 196 268 266 
145 266 268 195 205 
146 203 266 205 90 
147 90 270 269 211 
148 270 205 271 269 
149 269 271 204 272 
150 211 269 272 200 
151 18 274 273 45 
152 274 8 275 273 
153 273 275 29 276 
154 45 273 276 28 
155 34 278 277 73 
156 278 18 279 277 
157 277 279 45 280 
158 73 277 280 44 
159 282 34 283 281 
160 281 283 73 284 
161 15 294 293 33 
162 294 17 295 293 
163 293 295 8 274 
164 33 293 274 18 
165 31 297 296 49 
166 297 33 298 296 
167 296 298 18 278 
168 49 296 278 34 
169 300 49 301 299 
170 299 301 34 282 
171 312 315 291 316 
172 313 312 316 289 
173 188 319 317 318 
174 319 290 313 317 
175 317 313 289 320 
176 318 317 320 214 
177 305 326 324 325 
178 326 307 327 324 
179 290 330 328 329 
180 328 331 312 332 
181 329 328 332 313 
182 206 335 333 334 
183 335 305 325 333 
184 333 325 290 319 
185 334 333 319 188 
186 325 338 336 337 
187 338 324 339 336 
188 337 336 330 290 
189 340 342 308 343 
190 315 340 343 291 
191 344 346 315 347 
192 331 344 347 312 
193 330 350 348 349 
194 350 314 351 348 
195 348 351 331 352 
196 349 348 352 328 
197 307 354 353 327 
198 354 321 355 353 
199 324 357 356 339 
200 357 327 358 356 
201 314 360 359 351 
202 360 345 361 359 
203 359 361 344 362 
204 351 359 362 331 
205 86 364 363 304 
206 364 299 365 363 
207 363 365 282 366 
208 304 363 366 50 
209 302 368 367 323 
210 368 304 369 367 
211 367 369 50 370 
212 323 367 370 286 
213 321 372 371 355 
214 372 323 373 371 
215 371 373 286 374 
216 355 371 374 309 
217 353 377 375 376 
218 377 355 378 375 
219 375 378 309 379 
220 376 375 379 341 
221 327 381 380 358 
222 381 353 376 380 
223 383 384 340 385 
224 346 383 385 315 
225 358 388 386 387 
226 388 380 389 386 
227 387 386 390 87 
228 380 392 391 389 
229 392 376 393 391 
230 391 393 341 394 
231 389 391 394 382 
232 87 390 395 396 
233 390 382 397 395 
234 395 397 383 398 
235 396 395 398 346 
236 386 401 399 400 
237 401 389 402 399 
238 399 402 382 403 
239 400 399 403 390 
240 1 406 404 405 
241 406 12 163 404 
242 404 163 10 62 
243 405 404 62 11 
244 16 408 407 256 
245 408 2 409 407 
246 407 409 17 294 
247 256 407 294 15 
248 19 38 410 411 
249 38 21 226 410 
250 410 226 9 412 
251 411 410 412 22 
252 20 94 413 414 
253 94 19 411 413 
254 413 411 22 415 
255 414 413 415 4 
256 10 418 416 417 
257 418 25 167 416 
258 416 167 23 66 
259 417 416 66 24 
260 28 276 419 227 
261 276 29 420 419 
262 419 420 3 421 
263 227 419 421 30 
264 32 423 422 259 
265 423 15 424 422 
266 422 424 33 297 
267 259 422 297 31 
268 35 54 425 426 
269 54 37 230 425 
270 425 230 21 427 
271 426 425 427 38 
272 36 97 428 429 
273 97 35 426 428 
274 428 426 38 430 
275 429 428 430 19 
276 23 433 431 432 
277 433 41 171 431 
278 431 171 39 70 
279 432 431 70 40 
280 44 280 434 231 
281 280 45 435 434 
282 434 435 28 436 
283 231 434 436 46 
284 48 438 437 262 
285 438 31 439 437 
286 437 439 49 300 
287 262 437 300 47 
288 51 78 440 441 
289 78 53 234 440 
290 440 234 37 442 
291 441 440 442 54 
292 52 100 443 444 
293 100 51 441 443 
294 443 441 54 445 
295 444 443 445 35 
296 39 448 446 447 
297 448 57 175 446 
298 446 175 55 81 
299 447 446 81 56 
300 70 451 449 450 
301 451 39 447 449 
302 449 447 56 131 
303 450 449 131 68 
304 72 284 452 235 
305 284 73 453 452 
306 452 453 44 454 
307 235 452 454 74 
308 75 115 455 456 
309 115 77 238 455 
310 455 238 53 457 
311 456 455 457 78 
312 76 104 458 459 
313 104 75 456 458 
314 458 456 78 460 
315 459 458 460 51 
316 81 463 461 462 
317 463 55 179 461 
318 461 179 82 107 
319 462 461 107 79 
320 85 465 464 265 
321 465 47 466 464 
322 464 466 86 303 
323 265 464 303 84 
324 71 132 467 468 
325 132 43 102 467 
326 467 102 76 469 
327 468 467 469 98 
328 98 469 470 471 
329 469 76 459 470 
330 470 459 51 472 
331 471 470 472 100 
332 43 136 473 474 
333 136 83 121 473 
334 473 121 101 475 
335 474 473 475 102 
336 107 478 476 477 
337 478 82 183 476 
338 476 183 108 126 
339 477 476 126 105 
340 110 288 479 239 
341 288 111 480 479 
342 479 480 72 481 
343 239 479 481 112 
344 113 194 482 483 
345 194 114 242 482 
346 482 242 77 484 
347 483 482 484 115 
348 103 143 485 486 
349 143 113 483 485 
350 485 483 115 487 
351 486 485 487 75 
352 108 186 488 127 
353 186 116 489 488 
354 488 489 119 154 
355 127 488 154 59 
356 83 140 490 491 
357 140 109 145 490 
358 490 145 120 492 
359 491 490 492 121 
360 124 494 493 151 
361 494 127 495 493 
362 493 495 59 159 
363 151 493 159 128 
364 109 152 496 497 
365 152 128 158 496 
366 496 158 144 498 
367 497 496 498 145 
368 187 292 499 243 
369 292 189 500 499 
370 499 500 110 501 
371 243 499 501 190 
372 191 224 502 503 
373 224 193 246 502 
374 502 246 114 504 
375 503 502 504 194 
376 196 506 505 268 
377 506 84 507 505 
378 505 507 197 306 
379 268 505 306 195 
380 198 212 508 509 
381 212 200 510 508 
382 508 510 5 223 
383 509 508 223 192 
384 200 272 511 510 
385 272 204 512 511 
386 511 512 207 218 
387 510 511 218 5 
388 207 514 513 219 
389 514 188 318 513 
390 513 318 214 515 
391 219 513 515 213 
392 213 515 516 247 
393 515 214 517 516 
394 516 517 187 518 
395 247 516 518 215 
396 50 366 519 287 
397 366 282 520 519 
398 519 520 281 521 
399 287 519 521 111 
400 111 521 522 480 
401 521 281 523 522 
402 522 523 284 524 
403 480 522 524 72 
404 286 370 525 310 
405 370 50 526 525 
406 525 526 287 527 
407 310 525 527 285 
408 189 311 528 500 
409 311 285 529 528 
410 528 529 288 530 
411 500 528 530 110 
412 214 320 531 517 
413 320 289 532 531 
414 531 532 292 533 
415 517 531 533 187 
416 47 535 534 466 
417 535 300 536 534 
418 534 536 299 364 
419 466 534 364 86 
420 84 538 537 507 
421 538 303 539 537 
422 537 539 302 322 
423 507 537 322 197 
424 303 541 540 539 
425 541 86 542 540 
426 540 542 304 368 
427 539 540 368 302 
428 309 374 543 342 
429 374 286 544 543 
430 543 544 310 545 
431 342 543 545 308 
432 341 379 546 384 
433 379 309 547 546 
434 546 547 342 548 
435 384 546 548 340 
436 345 550 549 361 
437 550 87 396 549 
438 549 396 346 551 
439 361 549 551 344 
440 356 554 552 553 
441 554 358 387 552 
442 552 387 87 550 
443 553 552 550 345 
444 339 557 555 556 
445 557 356 553 555 
446 555 553 345 360 
447 556 555 360 314 
448 382 394 558 397 
449 394 341 559 558 
450 558 559 384 560 
451 397 558 560 383 
452 56 563 561 562 
453 563 81 462 561 
454 561 462 79 135 
455 562 561 135 80 
456 101 123 564 565 
457 123 103 486 564 
458 564 486 75 566 
459 565 564 566 104 
460 102 475 567 568 
461 475 101 565 567 
462 567 565 104 569 
463 568 567 569 76 
464 79 572 570 571 
465 572 107 477 570 
466 570 477 105 139 
467 571 570 139 106 
468 204 574 573 512 
469 574 206 334 573 
470 573 334 188 514 
471 512 573 514 207 
472 285 527 575 529 
473 527 287 576 575 
474 575 576 111 577 
475 529 575 577 288 
476 289 316 578 532 
477 316 291 579 578 
478 578 579 189 580 
479 532 578 580 292 
480 291 343 581 579 
481 343 308 582 581 
482 581 582 311 583 
483 579 581 583 189 
484 336 586 584 585 
485 586 339 556 584 
486 584 556 314 350 
487 585 584 350 330 
488 205 588 587 271 
489 588 195 589 587 
490 587 589 206 574 
491 271 587 574 204 
492 195 591 590 589 
493 591 306 592 590 
494 590 592 305 335 
495 589 590 335 206 
496 306 594 593 592 
497 594 197 595 593 
498 593 595 307 326 
499 592 593 326 305 
500 308 545 596 582 
501 545 310 597 596 
502 596 597 285 598 
503 582 596 598 311 
504 197 600 599 595 
505 600 322 601 599 
506 599 601 321 354 
507 595 599 354 307 
508 322 603 602 601 
509 603 302 604 602 
510 602 604 323 372 
511 601 602 372 321 
