2 0.000000 100.000000 579.435449
604 511 
1 -14.979443 0.000000 -15.229443 98.476535 0.019494 17.366060 0.000079 
2 17.479443 0.000000 -15.229443 98.479412 0.137190 17.343593 0.000099 
3 17.479443 0.000000 15.379443 98.492032 -0.232225 17.320253 -0.000073 
4 -14.979443 0.000000 15.379443 98.486404 -0.032427 17.365463 -0.000113 
5 1.250000 0.000000 0.075000 115.665865 -0.774512 -0.981200 -0.338015 
6 -14.979443 0.000000 0.075000 98.481989 -0.007019 17.371651 -0.000048 
7 1.250000 0.000000 -15.229443 98.468542 0.078768 17.351687 0.000286 
8 17.479443 0.000000 0.075000 98.595275 1.006157 16.704124 -0.000107 
9 1.250000 0.000000 15.379443 98.497959 -0.113791 17.346667 -0.000277 
10 -6.864722 0.000000 -7.577222 98.462794 0.037062 17.369646 0.000337 
11 -14.979443 0.000000 -7.577222 98.476923 0.010849 17.369199 0.000061 
12 -6.864722 0.000000 -15.229443 98.471594 0.040327 17.362778 0.000188 
13 1.250000 0.000000 -7.577222 98.432977 0.145336 17.308433 0.001135 
14 -6.864722 0.000000 0.075000 98.485976 -0.011577 17.394166 -0.000204 
15 9.364722 0.000000 -7.577222 98.476583 0.261875 17.280996 0.000366 
16 9.364722 0.000000 -15.229443 98.474300 0.118341 17.343272 0.000201 
17 17.479443 0.000000 -7.577222 98.486547 0.270048 17.301385 0.000099 
18 9.364722 0.000000 0.075000 98.780799 1.798945 15.626099 -0.000506 
19 -6.864722 0.000000 7.727222 98.504416 -0.060346 17.367019 -0.000474 
20 -14.979443 0.000000 7.727222 98.486649 -0.024639 17.368687 -0.000129 
21 1.250000 0.000000 7.727222 98.547412 -0.209311 17.288733 -0.001054 
22 -6.864722 0.000000 15.379443 98.492603 -0.060197 17.361074 -0.000220 
23 -2.807361 0.000000 -3.751111 98.394003 0.074905 17.389349 0.001623 
24 -6.864722 0.000000 -3.751111 98.463926 0.021565 17.383301 0.000268 
25 -2.807361 0.000000 -7.577222 98.441984 0.075029 17.355056 0.000797 
26 1.250000 0.000000 -3.751111 98.282057 0.411702 17.122471 0.004729 
27 -2.807361 0.000000 0.075000 98.503585 -0.022714 17.456901 -0.000770 
28 9.364722 0.000000 7.727222 98.523179 -0.447159 17.192785 -0.000261 
29 17.479443 0.000000 7.727222 98.531543 -0.619918 17.090329 -0.000093 
30 9.364722 0.000000 15.379443 98.494949 -0.179571 17.330916 -0.000165 
31 5.307361 0.000000 -3.751111 98.460117 0.480961 17.032553 0.001527 
32 5.307361 0.000000 -7.577222 98.458043 0.219992 17.277888 0.000744 
33 9.364722 0.000000 -3.751111 98.504910 0.512369 17.125924 0.000322 
34 5.307361 0.000000 0.075000 99.080275 2.805431 13.892179 -0.001776 
35 -2.807361 0.000000 3.901111 98.589968 -0.112601 17.376662 -0.002194 
36 -6.864722 0.000000 3.901111 98.506060 -0.044809 17.380908 -0.000554 
37 1.250000 0.000000 3.901111 98.758625 -0.535077 17.052073 -0.004433 
38 -2.807361 0.000000 7.727222 98.529888 -0.109762 17.347863 -0.000910 
39 -0.778680 0.000000 -1.838055 98.047976 0.202807 17.488663 0.008070 
40 -2.807361 0.000000 -1.838055 98.395067 0.065375 17.460140 0.001355 
41 -0.778680 0.000000 -3.751111 98.300277 0.187674 17.317857 0.003711 
42 1.250000 0.000000 -1.838055 97.808358 0.877446 16.477588 0.016124 
43 -0.778680 0.000000 0.075000 98.610265 -0.089124 18.071614 -0.005058 
44 5.307361 0.000000 3.901111 98.628352 -0.809211 16.756538 -0.000899 
45 9.364722 0.000000 3.901111 98.642554 -1.095032 16.487715 -0.000340 
46 5.307361 0.000000 7.727222 98.533057 -0.336972 17.231046 -0.000579 
47 3.278680 0.000000 -1.838055 98.449970 1.141693 16.196306 0.004398 
48 3.278680 0.000000 -3.751111 98.388268 0.539417 17.010605 0.003010 
49 5.307361 0.000000 -1.838055 98.570281 1.022215 16.548401 0.000901 
50 3.278680 0.000000 0.075000 100.302828 1.867712 9.648346 -0.015724 
51 -0.778680 0.000000 1.988055 99.062590 -0.255124 17.484217 -0.011916 
52 -2.807361 0.000000 1.988055 98.602104 -0.104491 17.445224 -0.002672 
53 1.250000 0.000000 1.988055 99.349493 -1.016418 16.312017 -0.013744 
54 -0.778680 0.000000 3.901111 98.698322 -0.247073 17.286339 -0.004024 
55 0.235660 0.000000 -0.881528 96.917909 1.227776 17.255018 0.030768 
56 -0.778680 0.000000 -0.881528 97.945247 0.310993 17.938188 0.008485 
57 0.235660 0.000000 -1.838055 97.570389 0.552334 17.174995 0.018473 
58 1.250000 0.000000 -0.881528 96.681437 2.023107 14.591135 0.043571 
59 0.235660 0.000000 0.075000 103.005594 -0.010397 5.850865 -0.064439 
60 -10.922082 0.000000 -3.751111 98.475780 0.007744 17.375025 0.000063 
61 -14.979443 0.000000 -3.751111 98.478866 0.002835 17.370968 0.000016 
62 -10.922082 0.000000 -7.577222 98.472799 0.019353 17.370447 0.000138 
63 -10.922082 0.000000 0.075000 98.482994 -0.008856 17.377250 -0.000087 
64 -4.836041 0.000000 -1.838055 98.453740 0.017496 17.422693 0.000331 
65 -6.864722 0.000000 -1.838055 98.472282 0.006875 17.391152 0.000076 
66 -4.836041 0.000000 -3.751111 98.441737 0.038967 17.394148 0.000667 
67 -4.836041 0.000000 0.075000 98.490673 -0.014884 17.427091 -0.000412 
68 -1.793021 0.000000 -0.881528 98.319323 0.077879 17.722345 0.001922 
69 -2.807361 0.000000 -0.881528 98.449852 0.031718 17.446293 0.000325 
70 -1.793021 0.000000 -1.838055 98.319263 0.135509 17.463873 0.002832 
71 -1.793021 0.000000 0.075000 98.532489 -0.005309 17.857573 -0.002754 
72 3.278680 0.000000 1.988055 98.863457 -1.562712 15.602087 -0.001985 
73 5.307361 0.000000 1.988055 98.851667 -1.851473 15.328808 -0.001005 
74 3.278680 0.000000 3.901111 98.676097 -0.728544 16.857365 -0.002167 
75 0.235660 0.000000 1.031528 100.158194 -1.028505 17.086138 -0.032466 
76 -0.778680 0.000000 1.031528 99.092541 -0.418670 17.726420 -0.013373 
77 1.250000 0.000000 1.031528 100.590236 -1.861124 14.577088 -0.033435 
78 0.235660 0.000000 1.988055 99.256247 -0.563492 17.013583 -0.014158 
79 -0.271510 0.000000 -0.403264 97.588403 0.897325 18.222182 0.014365 
80 -0.778680 0.000000 -0.403264 98.153349 0.214317 18.239729 0.003319 
81 -0.271510 0.000000 -0.881528 97.628807 0.647400 17.684626 0.015545 
82 0.235660 0.000000 -0.403264 95.836266 3.780919 16.973684 0.051301 
83 -0.271510 0.000000 0.075000 98.946093 -0.356192 18.986487 -0.015094 
84 2.264340 0.000000 -0.881528 98.560275 2.525987 14.609328 0.006606 
85 2.264340 0.000000 -1.838055 98.104633 1.068527 16.046527 0.011685 
86 3.278680 0.000000 -0.881528 98.814450 1.954967 14.938116 0.000874 
87 2.264340 0.000000 0.075000 97.689476 -0.288060 1.420606 0.045467 
88 0.742830 0.000000 -0.403264 95.615506 0.000000 15.640881 0.061304 
89 0.742830 0.000000 -0.881528 96.270957 1.488657 16.106779 0.047026 
90 1.250000 0.000000 -0.403264 91.378417 0.000000 7.826945 0.158872 
91 0.742830 0.000000 0.075000 62.450262 -11.632494 3.353446 0.595340 
92 -10.922082 0.000000 3.901111 98.489821 -0.025381 17.374286 -0.000211 
93 -14.979443 0.000000 3.901111 98.484993 -0.016816 17.370660 -0.000103 
94 -10.922082 0.000000 7.727222 98.491998 -0.036671 17.369370 -0.000237 
95 -4.836041 0.000000 1.988055 98.525571 -0.047395 17.418656 -0.001070 
96 -6.864722 0.000000 1.988055 98.499080 -0.030061 17.389666 -0.000447 
97 -4.836041 0.000000 3.901111 98.533436 -0.068906 17.388960 -0.001122 
98 -1.793021 0.000000 1.031528 98.724248 -0.141567 17.695753 -0.005964 
99 -2.807361 0.000000 1.031528 98.554249 -0.076445 17.439181 -0.001707 
100 -1.793021 0.000000 1.988055 98.684146 -0.217512 17.420632 -0.004209 
101 -0.271510 0.000000 0.553264 99.587381 -0.886355 17.993754 -0.024221 
102 -0.778680 0.000000 0.553264 99.029230 -0.323174 18.152106 -0.013639 
103 0.235660 0.000000 0.553264 101.068768 -2.203699 17.319042 -0.051970 
104 -0.271510 0.000000 1.031528 99.474470 -0.664731 17.543248 -0.020338 
105 -0.017925 0.000000 -0.164132 95.117825 4.067428 18.667378 0.058758 
106 -0.271510 0.000000 -0.164132 97.879865 0.670871 18.779359 0.006642 
107 -0.017925 0.000000 -0.403264 96.669923 2.099407 18.005957 0.032630 
108 0.235660 0.000000 -0.164132 92.979224 0.000000 10.527643 0.124403 
109 -0.017925 0.000000 0.075000 113.189658 0.000000 12.343055 -0.296425 
110 2.264340 0.000000 1.031528 99.279667 -2.852408 13.674505 -0.005158 
111 3.278680 0.000000 1.031528 98.829320 -3.003658 13.773680 0.003403 
112 2.264340 0.000000 1.988055 99.226190 -1.272650 15.625144 -0.009160 
113 0.742830 0.000000 0.553264 102.983107 -1.254854 15.357927 -0.084296 
114 1.250000 0.000000 0.553264 101.957508 -2.275247 12.028963 -0.054521 
115 0.742830 0.000000 1.031528 100.817786 -1.341406 15.986538 -0.042159 
116 0.489245 0.000000 -0.164132 95.738022 0.000000 10.545139 0.072303 
117 0.489245 0.000000 -0.403264 95.344621 4.266463 16.201145 0.062872 
118 0.742830 0.000000 -0.164132 59.126272 -9.393899 8.223993 0.634820 
119 0.489245 0.000000 0.075000 100.215245 -0.079929 5.704126 -0.007564 
120 -0.017925 0.000000 0.314132 100.875840 -2.520227 18.156224 -0.051194 
121 -0.271510 0.000000 0.314132 99.525505 -0.902901 18.409343 -0.024505 
122 0.235660 0.000000 0.314132 102.037320 -5.163474 16.375037 -0.070642 
123 -0.017925 0.000000 0.553264 100.281569 -1.574245 17.849753 -0.037748 
124 0.108867 0.000000 -0.044566 92.693119 0.003727 6.712844 0.136292 
125 -0.017925 0.000000 -0.044566 92.348567 0.024781 5.291363 0.144374 
126 0.108867 0.000000 -0.164132 91.303109 0.000000 11.678901 0.152735 
127 0.235660 0.000000 -0.044566 96.802151 -0.010354 4.331929 0.061058 
128 0.108867 0.000000 0.075000 106.105088 0.001301 9.040459 -0.134002 
129 -1.285850 0.000000 -0.403264 98.349503 0.076385 17.875996 0.000782 
130 -1.793021 0.000000 -0.403264 98.413863 0.046050 17.770681 -0.000109 
131 -1.285850 0.000000 -0.881528 98.286048 0.147023 17.599986 0.003007 
132 -1.285850 0.000000 0.075000 98.557402 -0.061105 17.918483 -0.003464 
133 -0.525095 0.000000 -0.164132 98.290086 0.196182 18.292419 0.000441 
134 -0.778680 0.000000 -0.164132 98.396008 0.078988 18.055330 -0.000778 
135 -0.525095 0.000000 -0.403264 98.034700 0.398737 18.076721 0.006227 
136 -0.525095 0.000000 0.075000 98.684404 -0.140087 18.335462 -0.007482 
137 -0.144718 0.000000 -0.044566 97.931593 0.665386 20.074264 0.000598 
138 -0.271510 0.000000 -0.044566 98.349278 0.219552 19.027183 -0.003466 
139 -0.144718 0.000000 -0.164132 97.113845 1.523362 19.162226 0.019939 
140 -0.144718 0.000000 0.075000 99.593422 -0.973957 19.867097 -0.031450 
141 0.489245 0.000000 0.314132 102.031154 0.000000 11.906823 -0.055213 
142 0.742830 0.000000 0.314132 103.946506 0.000000 14.711449 -0.102130 
143 0.489245 0.000000 0.553264 101.965614 -2.222528 16.612724 -0.067791 
144 0.108867 0.000000 0.194566 104.958709 0.000000 12.313650 -0.116796 
145 -0.017925 0.000000 0.194566 101.721860 -3.517964 18.497982 -0.070189 
146 0.235660 0.000000 0.194566 103.984797 0.000000 11.387945 -0.094252 
147 0.108867 0.000000 0.314132 101.624007 -3.831567 17.340994 -0.064283 
148 0.045471 0.000000 0.015217 102.817071 0.014970 5.431581 -0.060085 
149 -0.017925 0.000000 0.015217 100.665172 0.021269 5.932137 -0.016867 
150 0.045471 0.000000 -0.044566 91.464431 0.010446 8.298515 0.156539 
151 0.108867 0.000000 0.015217 102.694487 0.008839 4.788245 -0.056909 
152 0.045471 0.000000 0.075000 108.959787 0.005310 10.255848 -0.197742 
153 0.362452 0.000000 0.194566 103.012231 0.000000 10.500465 -0.072178 
154 0.362452 0.000000 0.075000 101.408089 -0.063431 4.563152 -0.030443 
155 0.489245 0.000000 0.194566 102.294386 0.000000 11.289438 -0.059159 
156 0.362452 0.000000 0.314132 102.715886 0.000000 12.052154 -0.069581 
157 0.172264 0.000000 0.134783 104.917861 0.000000 10.992331 -0.112859 
158 0.108867 0.000000 0.134783 106.465351 0.000000 11.800950 -0.147413 
159 0.172264 0.000000 0.075000 104.616269 -0.001169 7.231627 -0.099686 
160 0.235660 0.000000 0.134783 104.407940 0.000000 10.295397 -0.100701 
161 0.172264 0.000000 0.194566 104.838141 0.000000 11.502564 -0.112334 
162 -2.807361 0.000000 -11.403332 98.460927 0.066408 17.355719 0.000422 
163 -6.864722 0.000000 -11.403332 98.467607 0.041057 17.364252 0.000261 
164 -2.807361 0.000000 -15.229443 98.469044 0.057579 17.358098 0.000254 
165 1.250000 0.000000 -11.403332 98.459025 0.101621 17.340890 0.000510 
166 -0.778680 0.000000 -5.664166 98.390352 0.124487 17.323937 0.001920 
167 -2.807361 0.000000 -5.664166 98.418121 0.079020 17.364329 0.001235 
168 -0.778680 0.000000 -7.577222 98.433297 0.107547 17.334529 0.001039 
169 1.250000 0.000000 -5.664166 98.384873 0.183050 17.259951 0.002248 
170 0.235660 0.000000 -2.794583 97.972420 0.392451 17.201491 0.010536 
171 -0.778680 0.000000 -2.794583 98.203149 0.265725 17.357249 0.005480 
172 0.235660 0.000000 -3.751111 98.267816 0.306040 17.232537 0.004638 
173 1.250000 0.000000 -2.794583 97.979612 0.551880 16.901900 0.011402 
174 0.742830 0.000000 -1.359792 97.256016 0.931940 16.501403 0.026810 
175 0.235660 0.000000 -1.359792 97.460111 0.708992 17.105894 0.020841 
176 0.742830 0.000000 -1.838055 97.453212 0.701460 16.787716 0.022055 
177 1.250000 0.000000 -1.359792 97.427767 1.204875 15.834794 0.025564 
178 0.489245 0.000000 -0.642396 95.944510 2.073997 16.747106 0.050988 
179 0.235660 0.000000 -0.642396 96.510745 1.862060 17.343503 0.038141 
180 0.489245 0.000000 -0.881528 96.539741 1.359731 16.787143 0.039642 
181 0.742830 0.000000 -0.642396 95.367258 1.796235 15.858627 0.065036 
182 0.362452 0.000000 -0.283698 94.809511 0.000000 11.908630 0.086934 
183 0.235660 0.000000 -0.283698 93.761142 0.000000 12.005798 0.106471 
184 0.362452 0.000000 -0.403264 95.594962 4.301508 16.508338 0.057058 
185 0.489245 0.000000 -0.283698 95.575339 0.000000 11.735537 0.072763 
186 0.362452 0.000000 -0.164132 94.423501 0.000000 10.015206 0.098390 
187 1.757170 0.000000 0.553264 99.933883 -4.961338 11.812686 -0.015094 
188 1.757170 0.000000 0.075000 98.292591 0.539147 4.164276 0.032093 
189 2.264340 0.000000 0.553264 99.336602 -5.110783 12.010506 -0.003813 
190 1.757170 0.000000 1.031528 99.821738 -2.517828 13.868768 -0.016306 
191 0.996415 0.000000 0.314132 108.747674 0.000000 8.345650 -0.189571 
192 0.996415 0.000000 0.075000 105.932166 -8.486205 -0.867507 -0.129439 
193 1.250000 0.000000 0.314132 103.619709 0.000000 6.746201 -0.078256 
194 0.996415 0.000000 0.553264 103.075965 -0.866092 13.395130 -0.080483 
195 1.757170 0.000000 -0.403264 98.274333 6.889969 11.344644 0.016598 
196 1.757170 0.000000 -0.881528 97.778446 2.537397 14.121864 0.023351 
197 2.264340 0.000000 -0.403264 98.950811 4.843672 12.577257 0.002709 
198 0.996415 0.000000 -0.164132 96.981243 -8.375815 2.647504 0.051747 
199 0.996415 0.000000 -0.403264 90.537742 0.000000 12.624417 0.164354 
200 1.250000 0.000000 -0.164132 98.112034 -0.026638 0.893965 0.037323 
201 0.996415 0.000000 -0.642396 95.277225 1.780369 14.498917 0.070886 
202 0.996415 0.000000 -0.881528 96.295888 1.657269 15.291796 0.049052 
203 1.250000 0.000000 -0.642396 96.039786 2.572860 13.331948 0.059200 
204 1.503585 0.000000 -0.164132 97.677757 0.000000 5.847669 0.042486 
205 1.503585 0.000000 -0.403264 97.135758 6.442160 10.750198 0.040758 
206 1.757170 0.000000 -0.164132 99.424464 0.049246 6.008538 0.007867 
207 1.503585 0.000000 0.075000 99.531995 0.166932 3.523296 0.008094 
208 1.123207 0.000000 -0.283698 91.300693 0.000000 6.848181 0.161729 
209 0.996415 0.000000 -0.283698 89.962482 0.000000 13.021990 0.173718 
210 1.123207 0.000000 -0.403264 91.250916 0.000000 6.221345 0.163457 
211 1.250000 0.000000 -0.283698 93.405042 0.000000 6.808663 0.122914 
212 1.123207 0.000000 -0.164132 117.878043 -1.781316 0.216538 -0.389845 
213 1.503585 0.000000 0.314132 100.104992 0.000000 7.401630 -0.007579 
214 1.757170 0.000000 0.314132 98.430758 0.000000 7.924307 0.024859 
215 1.503585 0.000000 0.553264 100.722113 -4.053583 11.645723 -0.029700 
216 1.376793 0.000000 0.194566 101.415395 0.000000 6.222214 -0.032380 
217 1.250000 0.000000 0.194566 103.626089 -0.021992 2.504624 -0.074464 
218 1.376793 0.000000 0.075000 100.593437 -0.127047 0.365817 -0.011919 
219 1.503585 0.000000 0.194566 100.007298 0.000000 6.957380 -0.004986 
220 1.376793 0.000000 0.314132 101.392096 0.000000 7.292399 -0.033354 
221 1.123207 0.000000 0.194566 127.681619 -1.943556 -0.311935 -0.630647 
222 0.996415 0.000000 0.194566 114.286262 -7.205502 2.900902 -0.312168 
223 1.123207 0.000000 0.075000 127.638096 -4.588234 -1.864137 -0.631601 
224 1.123207 0.000000 0.314132 104.974997 0.000000 6.706703 -0.106473 
225 5.307361 0.000000 11.553332 98.508173 -0.206298 17.312346 -0.000362 
226 1.250000 0.000000 11.553332 98.511212 -0.147144 17.331987 -0.000488 
227 9.364722 0.000000 11.553332 98.503157 -0.260823 17.298123 -0.000217 
228 5.307361 0.000000 15.379443 98.497104 -0.147385 17.337958 -0.000231 
229 3.278680 0.000000 5.814166 98.594711 -0.369480 17.149861 -0.001517 
230 1.250000 0.000000 5.814166 98.607099 -0.262461 17.225347 -0.002014 
231 5.307361 0.000000 5.814166 98.561683 -0.476646 17.109161 -0.000736 
232 3.278680 0.000000 7.727222 98.542118 -0.273021 17.256100 -0.000840 
233 2.264340 0.000000 2.944583 98.882806 -0.894058 16.579805 -0.005350 
234 1.250000 0.000000 2.944583 99.087809 -0.689715 16.800148 -0.010111 
235 3.278680 0.000000 2.944583 98.747071 -1.004693 16.473452 -0.002337 
236 2.264340 0.000000 3.901111 98.723132 -0.643309 16.935006 -0.003347 
237 1.757170 0.000000 1.509792 99.477608 -1.646634 15.229594 -0.013045 
238 1.250000 0.000000 1.509792 99.792489 -1.323433 15.677745 -0.020608 
239 2.264340 0.000000 1.509792 99.295397 -1.833660 14.812294 -0.008234 
240 1.757170 0.000000 1.988055 99.357556 -1.145689 15.899949 -0.012604 
241 1.503585 0.000000 0.792396 100.545419 -2.958824 13.101018 -0.028977 
242 1.250000 0.000000 0.792396 101.212146 -2.245162 13.600641 -0.043392 
243 1.757170 0.000000 0.792396 99.973532 -3.336775 12.930869 -0.017305 
244 1.503585 0.000000 1.031528 100.207462 -2.164413 14.124936 -0.024573 
245 1.376793 0.000000 0.433698 101.425542 -3.649964 10.661177 -0.041412 
246 1.250000 0.000000 0.433698 104.958902 0.000000 8.066506 -0.108144 
247 1.503585 0.000000 0.433698 100.680271 -5.044136 10.726384 -0.027702 
248 1.376793 0.000000 0.553264 101.310386 -3.235085 11.748037 -0.041228 
249 1.313396 0.000000 0.254349 102.169444 0.000000 7.004267 -0.048766 
250 1.250000 0.000000 0.254349 102.704667 0.011053 3.703763 -0.056197 
251 1.313396 0.000000 0.194566 102.007106 0.002517 3.629125 -0.041862 
252 1.376793 0.000000 0.254349 101.205290 0.000000 6.735600 -0.028788 
253 1.313396 0.000000 0.314132 102.662942 0.000000 6.935537 -0.058778 
254 5.307361 0.000000 -11.403332 98.465368 0.138534 17.328936 0.000426 
255 5.307361 0.000000 -15.229443 98.470811 0.100430 17.346110 0.000260 
256 9.364722 0.000000 -11.403332 98.473339 0.165919 17.325588 0.000280 
257 3.278680 0.000000 -5.664166 98.416685 0.246844 17.213448 0.001779 
258 3.278680 0.000000 -7.577222 98.443681 0.185090 17.287332 0.000996 
259 5.307361 0.000000 -5.664166 98.455957 0.300880 17.208807 0.001019 
260 2.264340 0.000000 -2.794583 98.219814 0.708263 16.758153 0.007153 
261 2.264340 0.000000 -3.751111 98.322434 0.489420 17.039015 0.004213 
262 3.278680 0.000000 -2.794583 98.398068 0.740402 16.764148 0.003624 
263 1.757170 0.000000 -1.359792 97.917110 1.482179 15.535202 0.016870 
264 1.757170 0.000000 -1.838055 97.838518 0.949072 16.129460 0.016656 
265 2.264340 0.000000 -1.359792 98.232624 1.604322 15.462879 0.010868 
266 1.503585 0.000000 -0.642396 97.064936 3.492870 12.908347 0.039957 
267 1.503585 0.000000 -0.881528 97.248460 2.424632 14.211099 0.033490 
268 1.757170 0.000000 -0.642396 97.857986 3.931724 13.014474 0.023898 
269 1.376793 0.000000 -0.283698 96.446441 0.000000 6.537184 0.065535 
270 1.376793 0.000000 -0.403264 96.254679 5.369768 10.671850 0.059231 
271 1.503585 0.000000 -0.283698 97.814885 0.000000 6.566000 0.038914 
272 1.376793 0.000000 -0.164132 96.897930 0.008978 3.617392 0.059771 
273 13.422082 0.000000 3.901111 98.728743 -1.457222 15.970203 -0.000454 
274 13.422082 0.000000 0.075000 98.658506 1.285545 16.337749 -0.000208 
275 17.479443 0.000000 3.901111 98.898051 -2.170147 15.001790 -0.001059 
276 13.422082 0.000000 7.727222 98.523689 -0.532396 17.150497 -0.000134 
277 7.336041 0.000000 1.988055 98.953905 -2.354941 14.725492 -0.001426 
278 7.336041 0.000000 0.075000 98.886746 2.250933 14.991119 -0.000839 
279 9.364722 0.000000 1.988055 99.084338 -3.236554 13.948947 -0.002275 
280 7.336041 0.000000 3.901111 98.621826 -0.946532 16.647081 -0.000429 
281 4.293021 0.000000 1.031528 99.081540 -3.465472 13.723608 -0.001750 
282 4.293021 0.000000 0.075000 99.332481 2.697074 12.613964 -0.003333 
283 5.307361 0.000000 1.031528 99.204879 -4.317876 13.226146 -0.003518 
284 4.293021 0.000000 1.988055 98.814351 -1.678489 15.536378 -0.000847 
285 2.771510 0.000000 0.553264 98.492611 -5.214400 11.957472 0.012903 
286 2.771510 0.000000 0.075000 100.541307 1.454345 7.816745 -0.017177 
287 3.278680 0.000000 0.553264 97.887073 -5.447991 15.047194 0.016202 
288 2.771510 0.000000 1.031528 98.893455 -2.910491 13.550333 0.002800 
289 2.010755 0.000000 0.314132 99.437399 -7.111245 11.396712 -0.006825 
290 2.010755 0.000000 0.075000 93.614081 0.067950 1.580480 0.123390 
291 2.264340 0.000000 0.314132 99.621644 0.000000 10.955710 -0.004450 
292 2.010755 0.000000 0.553264 99.563059 -5.059523 12.024235 -0.008298 
293 13.422082 0.000000 -3.751111 98.505547 0.483606 17.178891 0.000131 
294 13.422082 0.000000 -7.577222 98.484061 0.273548 17.291591 0.000182 
295 17.479443 0.000000 -3.751111 98.502779 0.445333 17.216167 0.000061 
296 7.336041 0.000000 -1.838055 98.568646 0.883978 16.715703 0.000403 
297 7.336041 0.000000 -3.751111 98.497338 0.505084 17.088736 0.000599 
298 9.364722 0.000000 -1.838055 98.559697 0.830704 16.841821 0.000165 
299 4.293021 0.000000 -0.881528 98.776834 1.732133 15.623563 -0.000396 
300 4.293021 0.000000 -1.838055 98.558342 1.077879 16.418762 0.001552 
301 5.307361 0.000000 -0.881528 98.715417 1.561601 15.870515 0.000095 
302 2.771510 0.000000 -0.403264 99.353586 3.373310 13.364683 -0.006113 
303 2.771510 0.000000 -0.881528 98.688440 2.194700 14.544343 0.004424 
304 3.278680 0.000000 -0.403264 99.303400 2.767350 13.901363 -0.006207 
305 2.010755 0.000000 -0.164132 99.431360 0.000000 6.246746 0.007438 
306 2.010755 0.000000 -0.403264 98.756117 5.982142 12.071637 0.006572 
307 2.264340 0.000000 -0.164132 99.571031 0.000000 6.013966 0.004944 
308 2.517925 0.000000 0.314132 99.320673 -0.507698 10.963015 0.001496 
309 2.517925 0.000000 0.075000 99.564238 -0.572390 7.900517 0.002422 
310 2.771510 0.000000 0.314132 99.263461 0.885858 10.510196 0.003552 
311 2.517925 0.000000 0.553264 99.008995 -5.118396 11.924970 0.002882 
312 2.137548 0.000000 0.194566 100.332465 -0.000000 10.057103 -0.016775 
313 2.010755 0.000000 0.194566 98.026336 0.000000 6.903076 0.034318 
314 2.137548 0.000000 0.075000 95.832936 -2.295438 2.119042 0.080629 
315 2.264340 0.000000 0.194566 99.898476 -0.000000 8.904769 -0.005900 
316 2.137548 0.000000 0.314132 99.687428 -0.000000 11.228197 -0.006366 
317 1.883963 0.000000 0.194566 98.007288 0.000000 7.538840 0.033774 
318 1.757170 0.000000 0.194566 98.364014 0.000000 7.637929 0.026618 
319 1.883963 0.000000 0.075000 98.213603 0.780927 3.491193 0.034129 
320 1.883963 0.000000 0.314132 97.930711 0.000000 8.517317 0.033703 
321 2.517925 0.000000 -0.164132 99.669756 4.969376 11.604598 -0.009342 
322 2.517925 0.000000 -0.403264 99.221477 3.940778 13.191888 -0.003446 
323 2.771510 0.000000 -0.164132 99.830519 3.849789 11.937128 -0.012345 
324 2.137548 0.000000 -0.044566 95.344582 0.266544 1.708137 0.090642 
325 2.010755 0.000000 -0.044566 97.190760 0.009334 2.518278 0.054761 
326 2.137548 0.000000 -0.164132 99.128683 0.000000 6.064670 0.013672 
327 2.264340 0.000000 -0.044566 98.004152 0.574769 2.990267 0.038591 
328 2.074151 0.000000 0.134783 100.231790 -0.033888 7.766036 -0.010672 
329 2.010755 0.000000 0.134783 98.239135 0.034645 6.762298 0.030334 
330 2.074151 0.000000 0.075000 93.027717 -0.038590 2.244257 0.134081 
331 2.137548 0.000000 0.134783 101.291790 -0.010140 8.357744 -0.032988 
332 2.074151 0.000000 0.194566 99.525852 -0.000000 8.851014 0.001626 
333 1.883963 0.000000 -0.044566 98.889570 0.819050 2.777354 0.021247 
334 1.757170 0.000000 -0.044566 98.948379 0.760306 2.510919 0.020234 
335 1.883963 0.000000 -0.164132 99.659356 0.058798 5.961123 0.003247 
336 2.074151 0.000000 0.015217 89.779677 -0.235050 -0.509786 0.193929 
337 2.010755 0.000000 0.015217 94.100711 0.120800 1.046896 0.114395 
338 2.074151 0.000000 -0.044566 94.419307 -0.160770 1.508000 0.108269 
339 2.137548 0.000000 0.015217 92.081858 0.120398 0.238784 0.152086 
340 2.391133 0.000000 0.194566 99.595657 0.000000 8.817525 0.000296 
341 2.391133 0.000000 0.075000 98.710164 0.667087 1.976075 0.025195 
342 2.517925 0.000000 0.194566 99.535885 -0.222020 9.291658 0.000622 
343 2.391133 0.000000 0.314132 99.443060 -1.332046 10.814009 -0.000764 
344 2.200944 0.000000 0.134783 100.630960 0.009393 6.415567 -0.016775 
345 2.200944 0.000000 0.075000 97.007272 0.409399 2.171417 0.058471 
346 2.264340 0.000000 0.134783 99.779399 0.012455 6.037517 0.000762 
347 2.200944 0.000000 0.194566 100.141091 0.000000 9.220752 -0.011326 
348 2.105850 0.000000 0.104891 101.888809 0.004492 8.740382 -0.045772 
349 2.074151 0.000000 0.104891 97.524399 0.035651 5.654766 0.045701 
350 2.105850 0.000000 0.075000 95.740004 -3.466096 1.604009 0.081926 
351 2.137548 0.000000 0.104891 101.657776 0.009150 7.861221 -0.039610 
352 2.105850 0.000000 0.134783 101.210726 -0.009848 8.951347 -0.032374 
353 2.391133 0.000000 -0.044566 99.791632 0.494808 3.284853 0.003060 
354 2.391133 0.000000 -0.164132 99.649070 6.368878 10.824536 -0.008767 
355 2.517925 0.000000 -0.044566 100.452017 1.091126 1.791481 -0.009501 
356 2.200944 0.000000 0.015217 94.476848 0.319159 0.726346 0.107350 
357 2.200944 0.000000 -0.044566 96.195313 0.334277 1.836693 0.074298 
358 2.264340 0.000000 0.015217 96.828019 0.409041 1.054354 0.062306 
359 2.169246 0.000000 0.104891 101.149996 0.038743 6.694879 -0.027614 
360 2.169246 0.000000 0.075000 95.741921 -0.606069 2.070578 0.082883 
361 2.200944 0.000000 0.104891 100.114738 0.166085 5.364465 -0.005177 
362 2.169246 0.000000 0.134783 101.137983 0.000000 7.421479 -0.028397 
363 3.785850 0.000000 -0.403264 99.064943 2.528831 14.436171 -0.002866 
364 3.785850 0.000000 -0.881528 98.813401 1.840057 15.363106 -0.000350 
365 4.293021 0.000000 -0.403264 98.947857 2.353671 14.824712 -0.001599 
366 3.785850 0.000000 0.075000 99.601310 2.197382 11.270575 -0.005228 
367 3.025095 0.000000 -0.164132 99.939759 3.402341 12.423675 -0.015388 
368 3.025095 0.000000 -0.403264 99.388545 3.013686 13.568067 -0.007126 
369 3.278680 0.000000 -0.164132 99.681030 3.102601 12.972890 -0.011423 
370 3.025095 0.000000 0.075000 101.025106 1.825662 8.499783 -0.028165 
371 2.644718 0.000000 -0.044566 99.959032 3.623063 9.878389 -0.010252 
372 2.644718 0.000000 -0.164132 99.680310 4.199169 11.608824 -0.008856 
373 2.771510 0.000000 -0.044566 100.174501 3.410578 10.285120 -0.015235 
374 2.644718 0.000000 0.075000 100.037261 0.852888 7.729828 -0.006793 
375 2.454529 0.000000 0.015217 99.130795 0.722064 2.392926 0.016684 
376 2.391133 0.000000 0.015217 98.845001 0.692129 1.899849 0.022558 
377 2.454529 0.000000 -0.044566 99.744924 0.800232 2.253700 0.004523 
378 2.517925 0.000000 0.015217 99.530794 0.807701 2.246482 0.008792 
379 2.454529 0.000000 0.075000 98.097751 0.368760 2.863181 0.036850 
380 2.327736 0.000000 0.015217 97.572795 0.634732 1.441287 0.047707 
381 2.327736 0.000000 -0.044566 99.161977 0.496678 3.412104 0.015501 
382 2.327736 0.000000 0.075000 98.419959 0.588578 3.191729 0.030298 
383 2.327736 0.000000 0.134783 99.356046 0.000000 6.855423 0.008138 
384 2.391133 0.000000 0.134783 98.883825 0.000000 6.025203 0.018569 
385 2.327736 0.000000 0.194566 99.628008 0.000000 8.865560 -0.000434 
386 2.296038 0.000000 0.045109 96.765245 -0.427102 0.581714 0.063597 
387 2.264340 0.000000 0.045109 96.371005 -0.481577 0.117849 0.071238 
388 2.296038 0.000000 0.015217 97.221867 0.225458 0.959623 0.054694 
389 2.327736 0.000000 0.045109 97.362307 0.229230 1.303475 0.051883 
390 2.296038 0.000000 0.075000 97.197195 -0.535837 1.182513 0.055102 
391 2.359435 0.000000 0.045109 98.250174 0.689719 2.048619 0.034223 
392 2.359435 0.000000 0.015217 98.330223 0.712645 1.828197 0.032732 
393 2.391133 0.000000 0.045109 98.612832 0.509510 2.466782 0.026916 
394 2.359435 0.000000 0.075000 98.529610 0.559342 3.013189 0.028252 
395 2.296038 0.000000 0.104891 99.165026 0.128345 5.536054 0.013563 
396 2.264340 0.000000 0.104891 99.498689 0.152488 5.156359 0.007340 
397 2.327736 0.000000 0.104891 99.135582 0.050042 6.111287 0.013479 
398 2.296038 0.000000 0.134783 99.511814 0.006685 6.505510 0.005508 
399 2.311887 0.000000 0.060054 97.276454 -0.256133 0.996732 0.053623 
400 2.296038 0.000000 0.060054 97.006834 -0.492139 0.493948 0.058919 
401 2.311887 0.000000 0.045109 97.075043 -0.228344 0.881784 0.057561 
402 2.327736 0.000000 0.060054 97.660172 0.166736 1.605157 0.045989 
403 2.311887 0.000000 0.075000 97.497249 -0.208801 1.597429 0.049169 
404 -10.922082 0.000000 -11.403332 98.473080 0.025475 17.367004 0.000144 
405 -14.979443 0.000000 -11.403332 98.476326 0.016300 17.367390 0.000079 
406 -10.922082 0.000000 -15.229443 98.474392 0.027912 17.365161 0.000124 
407 13.422082 0.000000 -11.403332 98.478543 0.180421 17.327204 0.000171 
408 13.422082 0.000000 -15.229443 98.477330 0.130434 17.342810 0.000143 
409 17.479443 0.000000 -11.403332 98.481298 0.185538 17.330263 0.000106 
410 -2.807361 0.000000 11.553332 98.506433 -0.096927 17.351290 -0.000459 
411 -6.864722 0.000000 11.553332 98.497724 -0.062836 17.362084 -0.000325 
412 -2.807361 0.000000 15.379443 98.496171 -0.083622 17.355148 -0.000270 
413 -10.922082 0.000000 11.553332 98.490956 -0.042139 17.365905 -0.000204 
414 -14.979443 0.000000 11.553332 98.486914 -0.029736 17.366796 -0.000128 
415 -10.922082 0.000000 15.379443 98.489064 -0.043658 17.364168 -0.000161 
416 -4.836041 0.000000 -5.664166 98.447496 0.048568 17.373355 0.000625 
417 -6.864722 0.000000 -5.664166 98.461645 0.033036 17.375241 0.000340 
418 -4.836041 0.000000 -7.577222 98.453695 0.055296 17.365465 0.000531 
419 13.422082 0.000000 11.553332 98.500440 -0.305974 17.286328 -0.000125 
420 17.479443 0.000000 11.553332 98.500116 -0.345627 17.273487 -0.000077 
421 13.422082 0.000000 15.379443 98.493075 -0.207729 17.325350 -0.000110 
422 7.336041 0.000000 -5.664166 98.475779 0.338316 17.218471 0.000593 
423 7.336041 0.000000 -7.577222 98.469583 0.246537 17.277531 0.000517 
424 9.364722 0.000000 -5.664166 98.484972 0.354252 17.231035 0.000368 
425 -0.778680 0.000000 5.814166 98.592695 -0.175956 17.305627 -0.002004 
426 -2.807361 0.000000 5.814166 98.558342 -0.116621 17.354788 -0.001495 
427 -0.778680 0.000000 7.727222 98.542347 -0.154411 17.322518 -0.001069 
428 -4.836041 0.000000 5.814166 98.524074 -0.076719 17.368433 -0.000866 
429 -6.864722 0.000000 5.814166 98.506847 -0.057165 17.372551 -0.000541 
430 -4.836041 0.000000 7.727222 98.515460 -0.083733 17.361154 -0.000671 
431 -1.793021 0.000000 -2.794583 98.356848 0.141347 17.373767 0.002406 
432 -2.807361 0.000000 -2.794583 98.385828 0.066186 17.419056 0.001680 
433 -1.793021 0.000000 -3.751111 98.350257 0.108456 17.369652 0.002551 
434 7.336041 0.000000 5.814166 98.551254 -0.571701 17.071119 -0.000410 
435 9.364722 0.000000 5.814166 98.550757 -0.649437 17.027800 -0.000262 
436 7.336041 0.000000 7.727222 98.526147 -0.395259 17.211560 -0.000380 
437 4.293021 0.000000 -2.794583 98.467995 0.754465 16.810854 0.002088 
438 4.293021 0.000000 -3.751111 98.437565 0.560616 17.017994 0.002012 
439 5.307361 0.000000 -2.794583 98.499470 0.741499 16.866392 0.001283 
440 0.235660 0.000000 2.944583 98.966064 -0.533043 17.124164 -0.008780 
441 -0.778680 0.000000 2.944583 98.781835 -0.348556 17.301536 -0.005732 
442 0.235660 0.000000 3.901111 98.750053 -0.417068 17.185799 -0.004710 
443 -1.793021 0.000000 2.944583 98.670851 -0.182010 17.372703 -0.003778 
444 -2.807361 0.000000 2.944583 98.604136 -0.103119 17.405342 -0.002573 
445 -1.793021 0.000000 3.901111 98.639567 -0.155571 17.348711 -0.003077 
446 -0.271510 0.000000 -1.359792 97.571572 0.506552 17.611599 0.016936 
447 -0.778680 0.000000 -1.359792 97.942471 0.250258 17.644423 0.009588 
448 -0.271510 0.000000 -1.838055 97.972548 0.350603 17.295264 0.010213 
449 -1.285850 0.000000 -1.359792 98.145987 0.139077 17.682430 0.005468 
450 -1.793021 0.000000 -1.359792 98.312353 0.127250 17.557230 0.002641 
451 -1.285850 0.000000 -1.838055 98.127661 0.185992 17.591023 0.006148 
452 4.293021 0.000000 2.944583 98.703416 -1.094019 16.400023 -0.001252 
453 5.307361 0.000000 2.944583 98.696937 -1.180859 16.310368 -0.000851 
454 4.293021 0.000000 3.901111 98.643467 -0.798330 16.804810 -0.001357 
455 0.742830 0.000000 1.509792 99.863682 -1.008675 16.375928 -0.024194 
456 0.235660 0.000000 1.509792 99.608609 -0.770441 16.978489 -0.021074 
457 0.742830 0.000000 1.988055 99.345367 -0.805230 16.700148 -0.014905 
458 -0.271510 0.000000 1.509792 99.488774 -0.556536 17.489829 -0.020422 
459 -0.778680 0.000000 1.509792 98.984809 -0.347304 17.445060 -0.010244 
460 -0.271510 0.000000 1.988055 99.018789 -0.432664 17.208112 -0.010103 
461 -0.017925 0.000000 -0.642396 97.093134 1.344503 17.720388 0.025710 
462 -0.271510 0.000000 -0.642396 97.570224 0.786548 17.908014 0.015874 
463 -0.017925 0.000000 -0.881528 97.318382 0.925488 17.523885 0.022119 
464 2.771510 0.000000 -1.359792 98.393156 1.463955 15.427151 0.007865 
465 2.771510 0.000000 -1.838055 98.253786 1.050526 16.016867 0.008855 
466 3.278680 0.000000 -1.359792 98.539852 1.472167 15.641700 0.004307 
467 -1.285850 0.000000 0.553264 98.750154 -0.137981 17.843350 -0.007000 
468 -1.793021 0.000000 0.553264 98.641275 -0.044733 17.755634 -0.004537 
469 -1.285850 0.000000 1.031528 98.779874 -0.190882 17.567247 -0.006611 
470 -1.285850 0.000000 1.509792 98.902376 -0.168113 17.633460 -0.009265 
471 -1.793021 0.000000 1.509792 98.717306 -0.196173 17.539535 -0.005278 
472 -1.285850 0.000000 1.988055 98.895564 -0.264996 17.536935 -0.008795 
473 -0.525095 0.000000 0.314132 99.011032 -0.410322 18.180119 -0.013387 
474 -0.778680 0.000000 0.314132 98.806050 -0.240890 18.006697 -0.008693 
475 -0.525095 0.000000 0.553264 99.167492 -0.522006 17.945433 -0.015650 
476 0.108867 0.000000 -0.283698 95.394124 4.627890 17.146990 0.058452 
477 -0.017925 0.000000 -0.283698 96.199801 2.806839 18.189243 0.040687 
478 0.108867 0.000000 -0.403264 96.180176 2.945308 17.547497 0.043278 
479 2.771510 0.000000 1.509792 99.053572 -1.931466 14.700129 -0.003143 
480 3.278680 0.000000 1.509792 98.915653 -2.064415 14.781284 -0.000705 
481 2.771510 0.000000 1.988055 99.020380 -1.469834 15.557812 -0.004924 
482 0.996415 0.000000 0.792396 101.702444 -1.682508 14.551716 -0.055797 
483 0.742830 0.000000 0.792396 101.672157 -1.534041 15.713073 -0.058648 
484 0.996415 0.000000 1.031528 100.833742 -1.536590 15.235751 -0.040193 
485 0.489245 0.000000 0.792396 101.167146 -1.506642 16.645097 -0.051412 
486 0.235660 0.000000 0.792396 100.573581 -1.432404 17.248683 -0.041461 
487 0.489245 0.000000 1.031528 100.558573 -1.235499 16.640717 -0.039047 
488 0.362452 0.000000 -0.044566 98.010742 -0.065164 3.664732 0.038046 
489 0.489245 0.000000 -0.044566 98.150637 -0.309484 4.109735 0.034947 
490 -0.144718 0.000000 0.194566 100.109414 -1.553498 18.980482 -0.038457 
491 -0.271510 0.000000 0.194566 99.351173 -0.748660 18.705239 -0.022110 
492 -0.144718 0.000000 0.314132 100.083723 -1.529806 18.466959 -0.036012 
493 0.172264 0.000000 0.015217 100.746463 0.002970 3.637163 -0.016308 
494 0.172264 0.000000 -0.044566 96.686311 0.001032 3.997527 0.063578 
495 0.235660 0.000000 0.015217 99.951869 -0.012051 3.196585 -0.000059 
496 0.045471 0.000000 0.134783 107.736392 0.000000 11.712698 -0.174432 
497 -0.017925 0.000000 0.134783 102.573559 -4.371205 18.967756 -0.090022 
498 0.045471 0.000000 0.194566 102.620761 -5.183195 17.537648 -0.086546 
499 2.010755 0.000000 0.792396 99.576740 -3.604722 12.905221 -0.009507 
500 2.264340 0.000000 0.792396 99.158189 -3.690131 13.106662 -0.001775 
501 2.010755 0.000000 1.031528 99.469368 -2.745325 13.782317 -0.009164 
502 1.123207 0.000000 0.433698 104.958902 0.000000 8.066506 -0.108144 
503 0.996415 0.000000 0.433698 106.813801 0.000000 10.508352 -0.151961 
504 1.123207 0.000000 0.553264 102.596067 -1.397607 12.575770 -0.068606 
505 2.010755 0.000000 -0.642396 98.347352 3.724066 13.293485 0.013721 
506 2.010755 0.000000 -0.881528 98.155985 2.617886 14.239954 0.015577 
507 2.264340 0.000000 -0.642396 98.651780 3.412985 13.597563 0.007128 
508 1.123207 0.000000 -0.044566 124.193237 -4.435516 -1.346813 -0.544545 
509 0.996415 0.000000 -0.044566 102.218492 -9.471701 -0.337687 -0.053845 
510 1.250000 0.000000 -0.044566 116.468131 -0.973945 -1.742583 -0.356881 
511 1.376793 0.000000 -0.044566 99.307479 -0.069556 -0.076509 0.013801 
512 1.503585 0.000000 -0.044566 98.640643 0.357601 2.451734 0.026388 
513 1.630378 0.000000 0.194566 98.914707 0.000000 6.859278 0.016883 
514 1.630378 0.000000 0.075000 98.756388 0.313755 3.750489 0.023301 
515 1.630378 0.000000 0.314132 99.027436 0.000000 7.675859 0.013465 
516 1.630378 0.000000 0.433698 100.112387 -5.854422 10.937435 -0.017639 
517 1.757170 0.000000 0.433698 99.735541 -6.194218 11.224902 -0.011154 
518 1.630378 0.000000 0.553264 100.269617 -4.622874 11.712379 -0.021255 
519 3.785850 0.000000 0.553264 99.168509 -6.405473 13.042636 -0.004553 
520 4.293021 0.000000 0.553264 101.585669 26.297708 -0.388737 -0.101137 
521 3.785850 0.000000 1.031528 98.978057 -3.210374 13.867884 0.000072 
522 3.785850 0.000000 1.509792 98.881094 -2.166210 14.864225 -0.000311 
523 4.293021 0.000000 1.509792 98.916474 -2.283841 14.781895 -0.000819 
524 3.785850 0.000000 1.988055 98.796500 -1.611568 15.622800 -0.000742 
525 3.025095 0.000000 0.314132 99.603646 8.883974 8.837356 -0.007791 
526 3.278680 0.000000 0.314132 100.025578 6.806490 10.297101 -0.015747 
527 3.025095 0.000000 0.553264 97.918285 -6.064030 12.689889 0.021420 
528 2.517925 0.000000 0.792396 98.987162 -3.715435 12.844691 0.002275 
529 2.771510 0.000000 0.792396 98.696170 -3.734724 12.888442 0.007901 
530 2.517925 0.000000 1.031528 99.001863 -2.902041 13.696362 0.000262 
531 1.883963 0.000000 0.433698 99.566506 -6.228007 11.503986 -0.008462 
532 2.010755 0.000000 0.433698 99.528040 -6.065088 11.693413 -0.007935 
533 1.883963 0.000000 0.553264 99.709362 -5.106356 11.932796 -0.011042 
534 3.785850 0.000000 -1.359792 98.627217 1.409115 15.921419 0.001719 
535 3.785850 0.000000 -1.838055 98.542224 1.119463 16.351119 0.002082 
536 4.293021 0.000000 -1.359792 98.646115 1.339536 16.092177 0.000819 
537 2.517925 0.000000 -0.642396 98.848526 3.035633 13.843693 0.002811 
538 2.517925 0.000000 -0.881528 98.630093 2.385456 14.562963 0.005433 
539 2.771510 0.000000 -0.642396 98.991112 2.745725 14.094372 -0.000543 
540 3.025095 0.000000 -0.642396 99.034633 2.497921 14.253295 -0.001725 
541 3.025095 0.000000 -0.881528 98.787731 2.044792 14.742120 0.001947 
542 3.278680 0.000000 -0.642396 99.026217 2.324796 14.475952 -0.002115 
543 2.644718 0.000000 0.194566 99.870587 1.111534 8.656299 -0.005030 
544 2.771510 0.000000 0.194566 100.086271 2.019241 8.420391 -0.009224 
545 2.644718 0.000000 0.314132 99.347355 -0.026709 10.368268 0.002260 
546 2.454529 0.000000 0.134783 99.356245 1.809129 8.111943 0.005926 
547 2.517925 0.000000 0.134783 99.615432 2.882068 8.084370 0.000310 
548 2.454529 0.000000 0.194566 99.421458 -1.006227 9.353659 0.002687 
549 2.232642 0.000000 0.104891 99.696212 0.159509 5.015946 0.003548 
550 2.232642 0.000000 0.075000 97.371746 0.106182 1.469425 0.051657 
551 2.232642 0.000000 0.134783 100.075603 0.012192 6.023218 -0.005141 
552 2.232642 0.000000 0.045109 95.784887 0.037192 0.146604 0.082523 
553 2.200944 0.000000 0.045109 93.882199 0.315446 0.104355 0.118602 
554 2.232642 0.000000 0.015217 96.068768 0.529216 0.886932 0.076973 
555 2.169246 0.000000 0.045109 90.158549 -1.251735 -0.816852 0.186920 
556 2.137548 0.000000 0.045109 91.044029 -2.915054 -0.826242 0.170180 
557 2.169246 0.000000 0.015217 93.121770 0.189086 0.524435 0.132803 
558 2.359435 0.000000 0.104891 99.079749 0.294428 4.826050 0.015983 
559 2.391133 0.000000 0.104891 98.862279 0.548048 3.220885 0.021558 
560 2.359435 0.000000 0.134783 99.195207 0.000000 6.528480 0.011769 
561 -0.525095 0.000000 -0.642396 97.924795 0.456587 17.874146 0.009104 
562 -0.778680 0.000000 -0.642396 98.015133 0.280154 18.092502 0.006562 
563 -0.525095 0.000000 -0.881528 97.866817 0.452726 17.759292 0.010649 
564 -0.017925 0.000000 0.792396 99.996082 -1.079075 17.567490 -0.030900 
565 -0.271510 0.000000 0.792396 99.566831 -0.772943 17.748169 -0.022915 
566 -0.017925 0.000000 1.031528 99.822731 -0.848708 17.398990 -0.026802 
567 -0.525095 0.000000 0.792396 99.220893 -0.532050 17.760542 -0.016051 
568 -0.778680 0.000000 0.792396 99.123523 -0.373871 17.991930 -0.014932 
569 -0.525095 0.000000 1.031528 99.408095 -0.515476 17.870525 -0.020159 
570 -0.144718 0.000000 -0.283698 97.091625 1.563731 18.518319 0.022784 
571 -0.271510 0.000000 -0.283698 97.661068 0.866345 18.471613 0.012036 
572 -0.144718 0.000000 -0.403264 97.188914 1.399405 18.191476 0.022143 
573 1.630378 0.000000 -0.044566 98.846965 0.420467 2.736251 0.022161 
574 1.630378 0.000000 -0.164132 98.802153 0.000000 6.063931 0.020136 
575 3.025095 0.000000 0.792396 98.577476 -3.761443 13.037116 0.009837 
576 3.278680 0.000000 0.792396 98.737557 -3.844378 13.210334 0.006160 
577 3.025095 0.000000 1.031528 98.815900 -2.943329 13.616642 0.004134 
578 2.137548 0.000000 0.433698 99.514061 -6.325829 11.753311 -0.008120 
579 2.264340 0.000000 0.433698 99.361604 -9.164255 11.514444 -0.008929 
580 2.137548 0.000000 0.553264 99.458701 -5.085893 12.050453 -0.006311 
581 2.391133 0.000000 0.433698 98.925297 -9.866494 12.599948 -0.004232 
582 2.517925 0.000000 0.433698 99.082206 -4.429451 11.611306 0.002827 
583 2.391133 0.000000 0.553264 99.095664 -5.124134 12.224408 0.000436 
584 2.105850 0.000000 0.045109 91.790123 -3.611655 -0.711421 0.156102 
585 2.074151 0.000000 0.045109 92.626003 -2.261422 0.250811 0.141525 
586 2.105850 0.000000 0.015217 90.703669 -2.546648 -0.778101 0.176575 
587 1.630378 0.000000 -0.283698 98.649336 0.000000 6.593118 0.022484 
588 1.630378 0.000000 -0.403264 97.805522 6.882403 11.003318 0.026564 
589 1.757170 0.000000 -0.283698 99.441246 0.000000 6.560485 0.006840 
590 1.883963 0.000000 -0.283698 99.689933 0.000000 7.383618 0.000740 
591 1.883963 0.000000 -0.403264 98.576385 6.580780 11.719858 0.010203 
592 2.010755 0.000000 -0.283698 99.937740 0.000000 7.482097 -0.004353 
593 2.137548 0.000000 -0.283698 99.125340 7.096163 11.574381 -0.001015 
594 2.137548 0.000000 -0.403264 98.864367 5.406061 12.421411 0.004232 
595 2.264340 0.000000 -0.283698 99.182494 6.000984 11.792992 -0.001225 
596 2.644718 0.000000 0.433698 98.331174 -0.298248 17.247833 0.003340 
597 2.771510 0.000000 0.433698 98.494576 -1.185706 13.330719 0.011970 
598 2.644718 0.000000 0.553264 98.771276 -5.138390 11.951484 0.007499 
599 2.391133 0.000000 -0.283698 99.282321 5.130127 12.068053 -0.002894 
600 2.391133 0.000000 -0.403264 99.127227 4.331196 13.033299 -0.001483 
601 2.517925 0.000000 -0.283698 99.380957 4.472905 12.551228 -0.005411 
602 2.644718 0.000000 -0.283698 99.457179 3.993869 12.525311 -0.006456 
603 2.644718 0.000000 -0.403264 99.262979 3.612651 13.144162 -0.003896 
604 2.771510 0.000000 -0.283698 99.569787 3.684745 12.805549 -0.009170 
1 11 62 60 61 
2 62 10 24 60 
3 60 24 14 63 
4 61 60 63 6 
5 24 66 64 65 
6 66 23 40 64 
7 64 40 27 67 
8 65 64 67 14 
9 40 70 68 69 
10 69 68 71 27 
11 6 63 92 93 
12 63 14 36 92 
13 92 36 19 94 
14 93 92 94 20 
15 14 67 95 96 
16 67 27 52 95 
17 95 52 35 97 
18 96 95 97 36 
19 27 71 98 99 
20 99 98 100 52 
21 117 88 118 116 
22 116 118 91 119 
23 120 122 103 123 
24 121 120 123 101 
25 105 126 124 125 
26 126 108 127 124 
27 68 131 129 130 
28 131 56 80 129 
29 129 80 43 132 
30 130 129 132 71 
31 80 135 133 134 
32 135 79 106 133 
33 133 106 83 136 
34 134 133 136 43 
35 106 139 137 138 
36 139 105 125 137 
37 137 125 109 140 
38 138 137 140 83 
39 119 91 142 141 
40 141 142 113 143 
41 122 141 143 103 
42 144 146 122 147 
43 145 144 147 120 
44 125 150 148 149 
45 150 124 151 148 
46 148 151 128 152 
47 149 148 152 109 
48 59 154 153 146 
49 154 119 155 153 
50 153 155 141 156 
51 146 153 156 122 
52 128 159 157 158 
53 159 59 160 157 
54 157 160 146 161 
55 158 157 161 144 
56 12 164 162 163 
57 164 7 165 162 
58 162 165 13 25 
59 163 162 25 10 
60 25 168 166 167 
61 168 13 169 166 
62 166 169 26 41 
63 167 166 41 23 
64 41 172 170 171 
65 172 26 173 170 
66 170 173 42 57 
67 171 170 57 39 
68 57 176 174 175 
69 176 42 177 174 
70 174 177 58 89 
71 175 174 89 55 
72 55 180 178 179 
73 180 89 181 178 
74 178 181 88 117 
75 179 178 117 82 
76 82 184 182 183 
77 184 117 185 182 
78 182 185 116 186 
79 183 182 186 108 
80 91 192 191 142 
81 142 191 194 113 
82 88 199 198 118 
83 118 198 192 91 
84 89 202 201 181 
85 202 58 203 201 
86 201 203 90 199 
87 181 201 199 88 
88 199 210 208 209 
89 210 90 211 208 
90 208 211 200 212 
91 209 208 212 198 
92 5 218 216 217 
93 218 207 219 216 
94 216 219 213 220 
95 192 223 221 222 
96 223 5 217 221 
97 221 217 193 224 
98 222 221 224 191 
99 21 46 225 226 
100 46 28 227 225 
101 225 227 30 228 
102 226 225 228 9 
103 37 74 229 230 
104 74 44 231 229 
105 229 231 46 232 
106 230 229 232 21 
107 53 112 233 234 
108 112 72 235 233 
109 233 235 74 236 
110 234 233 236 37 
111 77 190 237 238 
112 190 110 239 237 
113 237 239 112 240 
114 238 237 240 53 
115 114 215 241 242 
116 215 187 243 241 
117 241 243 190 244 
118 242 241 244 77 
119 193 220 245 246 
120 220 213 247 245 
121 245 247 215 248 
122 246 245 248 114 
123 217 251 249 250 
124 251 216 252 249 
125 249 252 220 253 
126 250 249 253 193 
127 7 255 254 165 
128 255 16 256 254 
129 254 256 15 32 
130 165 254 32 13 
131 13 258 257 169 
132 258 32 259 257 
133 257 259 31 48 
134 169 257 48 26 
135 26 261 260 173 
136 261 48 262 260 
137 260 262 47 85 
138 173 260 85 42 
139 42 264 263 177 
140 264 85 265 263 
141 263 265 84 196 
142 177 263 196 58 
143 58 267 266 203 
144 267 196 268 266 
145 266 268 195 205 
146 203 266 205 90 
147 90 270 269 211 
148 270 205 271 269 
149 269 271 204 272 
150 211 269 272 200 
151 18 274 273 45 
152 274 8 275 273 
153 273 275 29 276 
154 45 273 276 28 
155 34 278 277 73 
156 278 18 279 277 
157 277 279 45 280 
158 73 277 280 44 
159 282 34 283 281 
160 281 283 73 284 
161 15 294 293 33 
162 294 17 295 293 
163 293 295 8 274 
164 33 293 274 18 
165 31 297 296 49 
166 297 33 298 296 
167 296 298 18 278 
168 49 296 278 34 
169 300 49 301 299 
170 299 301 34 282 
171 312 315 291 316 
172 313 312 316 289 
173 188 319 317 318 
174 319 290 313 317 
175 317 313 289 320 
176 318 317 320 214 
177 305 326 324 325 
178 326 307 327 324 
179 290 330 328 329 
180 328 331 312 332 
181 329 328 332 313 
182 206 335 333 334 
183 335 305 325 333 
184 333 325 290 319 
185 334 333 319 188 
186 325 338 336 337 
187 338 324 339 336 
188 337 336 330 290 
189 340 342 308 343 
190 315 340 343 291 
191 344 346 315 347 
192 331 344 347 312 
193 330 350 348 349 
194 350 314 351 348 
195 348 351 331 352 
196 349 348 352 328 
197 307 354 353 327 
198 354 321 355 353 
199 324 357 356 339 
200 357 327 358 356 
201 314 360 359 351 
202 360 345 361 359 
203 359 361 344 362 
204 351 359 362 331 
205 86 364 363 304 
206 364 299 365 363 
207 363 365 282 366 
208 304 363 366 50 
209 302 368 367 323 
210 368 304 369 367 
211 367 369 50 370 
212 323 367 370 286 
213 321 372 371 355 
214 372 323 373 371 
215 371 373 286 374 
216 355 371 374 309 
217 353 377 375 376 
218 377 355 378 375 
219 375 378 309 379 
220 376 375 379 341 
221 327 381 380 358 
222 381 353 376 380 
223 383 384 340 385 
224 346 383 385 315 
225 358 388 386 387 
226 388 380 389 386 
227 387 386 390 87 
228 380 392 391 389 
229 392 376 393 391 
230 391 393 341 394 
231 389 391 394 382 
232 87 390 395 396 
233 390 382 397 395 
234 395 397 383 398 
235 396 395 398 346 
236 386 401 399 400 
237 401 389 402 399 
238 399 402 382 403 
239 400 399 403 390 
240 1 406 404 405 
241 406 12 163 404 
242 404 163 10 62 
243 405 404 62 11 
244 16 408 407 256 
245 408 2 409 407 
246 407 409 17 294 
247 256 407 294 15 
248 19 38 410 411 
249 38 21 226 410 
250 410 226 9 412 
251 411 410 412 22 
252 20 94 413 414 
253 94 19 411 413 
254 413 411 22 415 
255 414 413 415 4 
256 10 418 416 417 
257 418 25 167 416 
258 416 167 23 66 
259 417 416 66 24 
260 28 276 419 227 
261 276 29 420 419 
262 419 420 3 421 
263 227 419 421 30 
264 32 423 422 259 
265 423 15 424 422 
266 422 424 33 297 
267 259 422 297 31 
268 35 54 425 426 
269 54 37 230 425 
270 425 230 21 427 
271 426 425 427 38 
272 36 97 428 429 
273 97 35 426 428 
274 428 426 38 430 
275 429 428 430 19 
276 23 433 431 432 
277 433 41 171 431 
278 431 171 39 70 
279 432 431 70 40 
280 44 280 434 231 
281 280 45 435 434 
282 434 435 28 436 
283 231 434 436 46 
284 48 438 437 262 
285 438 31 439 437 
286 437 439 49 300 
287 262 437 300 47 
288 51 78 440 441 
289 78 53 234 440 
290 440 234 37 442 
291 441 440 442 54 
292 52 100 443 444 
293 100 51 441 443 
294 443 441 54 445 
295 444 443 445 35 
296 39 448 446 447 
297 448 57 175 446 
298 446 175 55 81 
299 447 446 81 56 
300 70 451 449 450 
301 451 39 447 449 
302 449 447 56 131 
303 450 449 131 68 
304 72 284 452 235 
305 284 73 453 452 
306 452 453 44 454 
307 235 452 454 74 
308 75 115 455 456 
309 115 77 238 455 
310 455 238 53 457 
311 456 455 457 78 
312 76 104 458 459 
313 104 75 456 458 
314 458 456 78 460 
315 459 458 460 51 
316 81 463 461 462 
317 463 55 179 461 
318 461 179 82 107 
319 462 461 107 79 
320 85 465 464 265 
321 465 47 466 464 
322 464 466 86 303 
323 265 464 303 84 
324 71 132 467 468 
325 132 43 102 467 
326 467 102 76 469 
327 468 467 469 98 
328 98 469 470 471 
329 469 76 459 470 
330 470 459 51 472 
331 471 470 472 100 
332 43 136 473 474 
333 136 83 121 473 
334 473 121 101 475 
335 474 473 475 102 
336 107 478 476 477 
337 478 82 183 476 
338 476 183 108 126 
339 477 476 126 105 
340 110 288 479 239 
341 288 111 480 479 
342 479 480 72 481 
343 239 479 481 112 
344 113 194 482 483 
345 194 114 242 482 
346 482 242 77 484 
347 483 482 484 115 
348 103 143 485 486 
349 143 113 483 485 
350 485 483 115 487 
351 486 485 487 75 
352 108 186 488 127 
353 186 116 489 488 
354 488 489 119 154 
355 127 488 154 59 
356 83 140 490 491 
357 140 109 145 490 
358 490 145 120 492 
359 491 490 492 121 
360 124 494 493 151 
361 494 127 495 493 
362 493 495 59 159 
363 151 493 159 128 
364 109 152 496 497 
365 152 128 158 496 
366 496 158 144 498 
367 497 496 498 145 
368 187 292 499 243 
369 292 189 500 499 
370 499 500 110 501 
371 243 499 501 190 
372 191 224 502 503 
373 224 193 246 502 
374 502 246 114 504 
375 503 502 504 194 
376 196 506 505 268 
377 506 84 507 505 
378 505 507 197 306 
379 268 505 306 195 
380 198 212 508 509 
381 212 200 510 508 
382 508 510 5 223 
383 509 508 223 192 
384 200 272 511 510 
385 272 204 512 511 
386 511 512 207 218 
387 510 511 218 5 
388 207 514 513 219 
389 514 188 318 513 
390 513 318 214 515 
391 219 513 515 213 
392 213 515 516 247 
393 515 214 517 516 
394 516 517 187 518 
395 247 516 518 215 
396 50 366 519 287 
397 366 282 520 519 
398 519 520 281 521 
399 287 519 521 111 
400 111 521 522 480 
401 521 281 523 522 
402 522 523 284 524 
403 480 522 524 72 
404 286 370 525 310 
405 370 50 526 525 
406 525 526 287 527 
407 310 525 527 285 
408 189 311 528 500 
409 311 285 529 528 
410 528 529 288 530 
411 500 528 530 110 
412 214 320 531 517 
413 320 289 532 531 
414 531 532 292 533 
415 517 531 533 187 
416 47 535 534 466 
417 535 300 536 534 
418 534 536 299 364 
419 466 534 364 86 
420 84 538 537 507 
421 538 303 539 537 
422 537 539 302 322 
423 507 537 322 197 
424 303 541 540 539 
425 541 86 542 540 
426 540 542 304 368 
427 539 540 368 302 
428 309 374 543 342 
429 374 286 544 543 
430 543 544 310 545 
431 342 543 545 308 
432 341 379 546 384 
433 379 309 547 546 
434 546 547 342 548 
435 384 546 548 340 
436 345 550 549 361 
437 550 87 396 549 
438 549 396 346 551 
439 361 549 551 344 
440 356 554 552 553 
441 554 358 387 552 
442 552 387 87 550 
443 553 552 550 345 
444 339 557 555 556 
445 557 356 553 555 
446 555 553 345 360 
447 556 555 360 314 
448 382 394 558 397 
449 394 341 559 558 
450 558 559 384 560 
451 397 558 560 383 
452 56 563 561 562 
453 563 81 462 561 
454 561 462 79 135 
455 562 561 135 80 
456 101 123 564 565 
457 123 103 486 564 
458 564 486 75 566 
459 565 564 566 104 
460 102 475 567 568 
461 475 101 565 567 
462 567 565 104 569 
463 568 567 569 76 
464 79 572 570 571 
465 572 107 477 570 
466 570 477 105 139 
467 571 570 139 106 
468 204 574 573 512 
469 574 206 334 573 
470 573 334 188 514 
471 512 573 514 207 
472 285 527 575 529 
473 527 287 576 575 
474 575 576 111 577 
475 529 575 577 288 
476 289 316 578 532 
477 316 291 579 578 
478 578 579 189 580 
479 532 578 580 292 
480 291 343 581 579 
481 343 308 582 581 
482 581 582 311 583 
483 579 581 583 189 
484 336 586 584 585 
485 586 339 556 584 
486 584 556 314 350 
487 585 584 350 330 
488 205 588 587 271 
489 588 195 589 587 
490 587 589 206 574 
491 271 587 574 204 
492 195 591 590 589 
493 591 306 592 590 
494 590 592 305 335 
495 589 590 335 206 
496 306 594 593 592 
497 594 197 595 593 
498 593 595 307 326 
499 592 593 326 305 
500 308 545 596 582 
501 545 310 597 596 
502 596 597 285 598 
503 582 596 598 311 
504 197 600 599 595 
505 600 322 601 599 
506 599 601 321 354 
507 595 599 354 307 
508 322 603 602 601 
509 603 302 604 602 
510 602 604 323 372 
511 601 602 372 321 
