2 0.000000 100.000000 579.435449
604 511 
1 -14.979443 0.000000 -15.229443 99.023356 0.018841 13.918239 0.000066 
2 17.479443 0.000000 -15.229443 99.025426 0.131340 13.899561 0.000075 
3 17.479443 0.000000 15.379443 99.034109 -0.199334 13.885311 -0.000060 
4 -14.979443 0.000000 15.379443 99.031135 -0.028308 13.917857 -0.000087 
5 1.250000 0.000000 0.075000 113.789352 -0.627123 -1.099459 -0.294962 
6 -14.979443 0.000000 0.075000 99.027583 -0.005167 13.922704 -0.000030 
7 1.250000 0.000000 -15.229443 99.016874 0.074579 13.906573 0.000226 
8 17.479443 0.000000 0.075000 99.126878 1.115701 13.196288 -0.000152 
9 1.250000 0.000000 15.379443 99.039832 -0.099989 13.903408 -0.000220 
10 -6.864722 0.000000 -7.577222 99.012163 0.035495 13.920905 0.000280 
11 -14.979443 0.000000 -7.577222 99.023610 0.011029 13.920727 0.000054 
12 -6.864722 0.000000 -15.229443 99.019373 0.038351 13.915554 0.000152 
13 1.250000 0.000000 -7.577222 98.987809 0.136982 13.871207 0.000898 
14 -6.864722 0.000000 0.075000 99.030163 -0.008580 13.940707 -0.000132 
15 9.364722 0.000000 -7.577222 99.022357 0.251278 13.847394 0.000276 
16 9.364722 0.000000 -15.229443 99.021378 0.112497 13.899616 0.000155 
17 17.479443 0.000000 -7.577222 99.030575 0.263192 13.862059 0.000072 
18 9.364722 0.000000 0.075000 99.252215 1.915629 12.285135 -0.000560 
19 -6.864722 0.000000 7.727222 99.045038 -0.052572 13.919199 -0.000367 
20 -14.979443 0.000000 7.727222 99.031290 -0.021157 13.920395 -0.000097 
21 1.250000 0.000000 7.727222 99.077552 -0.183270 13.858807 -0.000846 
22 -6.864722 0.000000 15.379443 99.035906 -0.052851 13.914469 -0.000173 
23 -2.807361 0.000000 -3.751111 98.955647 0.069714 13.936542 0.001355 
24 -6.864722 0.000000 -3.751111 99.012801 0.021703 13.931888 0.000237 
25 -2.807361 0.000000 -7.577222 98.995317 0.071724 13.909098 0.000646 
26 1.250000 0.000000 -3.751111 98.864860 0.386092 13.719791 0.003736 
27 -2.807361 0.000000 0.075000 99.041887 -0.017454 13.987659 -0.000495 
28 9.364722 0.000000 7.727222 99.054176 -0.383952 13.793437 -0.000214 
29 17.479443 0.000000 7.727222 99.053426 -0.505334 13.742809 -0.000070 
30 9.364722 0.000000 15.379443 99.036983 -0.156677 13.891913 -0.000133 
31 5.307361 0.000000 -3.751111 99.011892 0.480570 13.647254 0.001017 
32 5.307361 0.000000 -7.577222 99.007574 0.210466 13.846073 0.000574 
33 9.364722 0.000000 -3.751111 99.042652 0.500608 13.711064 0.000231 
34 5.307361 0.000000 0.075000 99.441179 2.475657 10.921792 -0.001396 
35 -2.807361 0.000000 3.901111 99.112127 -0.097701 13.927992 -0.001721 
36 -6.864722 0.000000 3.901111 99.046202 -0.038848 13.930302 -0.000420 
37 1.250000 0.000000 3.901111 99.240027 -0.474467 13.675323 -0.003582 
38 -2.807361 0.000000 7.727222 99.064746 -0.097032 13.904482 -0.000717 
39 -0.778680 0.000000 -1.838055 98.667787 0.191534 14.023385 0.006798 
40 -2.807361 0.000000 -1.838055 98.956122 0.060971 13.992427 0.001189 
41 -0.778680 0.000000 -3.751111 98.879880 0.171893 13.878139 0.003014 
42 1.250000 0.000000 -1.838055 98.464278 0.821524 13.203165 0.012979 
43 -0.778680 0.000000 0.075000 99.120598 -0.067571 14.496392 -0.003504 
44 5.307361 0.000000 3.901111 99.122636 -0.701173 13.474776 -0.000736 
45 9.364722 0.000000 3.901111 99.114063 -0.907159 13.341819 -0.000242 
46 5.307361 0.000000 7.727222 99.064269 -0.294339 13.816878 -0.000472 
47 3.278680 0.000000 -1.838055 98.988431 1.079434 12.960357 0.003215 
48 3.278680 0.000000 -3.751111 98.949375 0.509184 13.627781 0.002305 
49 5.307361 0.000000 -1.838055 99.086171 0.983808 13.232237 0.000587 
50 3.278680 0.000000 0.075000 100.298584 0.691474 7.266250 -0.011308 
51 -0.778680 0.000000 1.988055 99.493532 -0.225013 14.025658 -0.009573 
52 -2.807361 0.000000 1.988055 99.120684 -0.090538 13.981700 -0.002041 
53 1.250000 0.000000 1.988055 99.706249 -0.907475 13.103400 -0.011386 
54 -0.778680 0.000000 3.901111 99.196352 -0.215904 13.857410 -0.003199 
55 0.235660 0.000000 -0.881528 97.777116 1.039156 13.827430 0.024736 
56 -0.778680 0.000000 -0.881528 98.582557 0.271868 14.394501 0.007420 
57 0.235660 0.000000 -1.838055 98.272019 0.504542 13.771927 0.015269 
58 1.250000 0.000000 -0.881528 97.584997 1.890987 11.726916 0.033607 
59 0.235660 0.000000 0.075000 102.578654 -0.008293 4.684264 -0.054432 
60 -10.922082 0.000000 -3.751111 99.022551 0.008482 13.925318 0.000062 
61 -14.979443 0.000000 -3.751111 99.025123 0.003763 13.922142 0.000020 
62 -10.922082 0.000000 -7.577222 99.020256 0.019010 13.921668 0.000118 
63 -10.922082 0.000000 0.075000 99.028232 -0.006535 13.927132 -0.000056 
64 -4.836041 0.000000 -1.838055 99.003913 0.017710 13.963582 0.000324 
65 -6.864722 0.000000 -1.838055 99.019335 0.008253 13.938210 0.000090 
66 -4.836041 0.000000 -3.751111 98.994567 0.037175 13.940633 0.000573 
67 -4.836041 0.000000 0.075000 99.033305 -0.011215 13.967427 -0.000268 
68 -1.793021 0.000000 -0.881528 98.891614 0.074645 14.209153 0.001854 
69 -2.807361 0.000000 -0.881528 99.000011 0.030729 13.979083 0.000358 
70 -1.793021 0.000000 -1.838055 98.895298 0.121816 13.994288 0.002387 
71 -1.793021 0.000000 0.075000 99.063443 -0.000330 14.327266 -0.001884 
72 3.278680 0.000000 1.988055 99.279951 -1.369882 12.603518 -0.001723 
73 5.307361 0.000000 1.988055 99.234594 -1.541477 12.517042 -0.000656 
74 3.278680 0.000000 3.901111 99.167418 -0.643477 13.533127 -0.001774 
75 0.235660 0.000000 1.031528 100.334436 -0.864956 13.708223 -0.025566 
76 -0.778680 0.000000 1.031528 99.512216 -0.352560 14.223055 -0.010510 
77 1.250000 0.000000 1.031528 100.631407 -1.682436 11.768920 -0.026802 
78 0.235660 0.000000 1.988055 99.640173 -0.499257 13.652314 -0.011480 
79 -0.271510 0.000000 -0.403264 98.306231 0.737196 14.597024 0.012227 
80 -0.778680 0.000000 -0.403264 98.751369 0.185766 14.641393 0.003376 
81 -0.271510 0.000000 -0.881528 98.340335 0.549138 14.168891 0.012812 
82 0.235660 0.000000 -0.403264 96.929826 3.048958 13.598730 0.041039 
83 -0.271510 0.000000 0.075000 99.381670 -0.277345 15.206034 -0.010802 
84 2.264340 0.000000 -0.881528 99.076145 2.369461 11.748894 0.004027 
85 2.264340 0.000000 -1.838055 98.703850 1.012735 12.842263 0.009160 
86 3.278680 0.000000 -0.881528 99.274418 1.843311 11.972572 -0.000215 
87 2.264340 0.000000 0.075000 97.909681 -0.366817 1.353399 0.041173 
88 0.742830 0.000000 -0.403264 96.966758 0.000000 12.785461 0.043398 
89 0.742830 0.000000 -0.881528 97.262383 1.319779 12.924704 0.037124 
90 1.250000 0.000000 -0.403264 93.331482 0.000000 6.425767 0.124794 
91 0.742830 0.000000 0.075000 68.872871 -9.969973 3.292908 0.514628 
92 -10.922082 0.000000 3.901111 99.033655 -0.021476 13.924833 -0.000157 
93 -14.979443 0.000000 3.901111 99.029964 -0.014049 13.921941 -0.000075 
94 -10.922082 0.000000 7.727222 99.035422 -0.031730 13.920968 -0.000181 
95 -4.836041 0.000000 1.988055 99.061278 -0.040192 13.960797 -0.000804 
96 -6.864722 0.000000 1.988055 99.040592 -0.025413 13.937215 -0.000329 
97 -4.836041 0.000000 3.901111 99.067790 -0.059520 13.937167 -0.000868 
98 -1.793021 0.000000 1.031528 99.218324 -0.119954 14.189315 -0.004563 
99 -2.807361 0.000000 1.031528 99.081595 -0.065000 13.974197 -0.001244 
100 -1.793021 0.000000 1.988055 99.183176 -0.188143 13.961831 -0.003227 
101 -0.271510 0.000000 0.553264 99.889211 -0.717624 14.420364 -0.018632 
102 -0.778680 0.000000 0.553264 99.460999 -0.264895 14.572484 -0.010492 
103 0.235660 0.000000 0.553264 101.040491 -1.767688 13.886657 -0.040514 
104 -0.271510 0.000000 1.031528 99.806163 -0.554296 14.070042 -0.015954 
105 -0.017925 0.000000 -0.164132 96.334631 3.269728 14.938179 0.048580 
106 -0.271510 0.000000 -0.164132 98.535613 0.549819 15.040198 0.006422 
107 -0.017925 0.000000 -0.403264 97.578964 1.702401 14.418531 0.026755 
108 0.235660 0.000000 -0.164132 94.662039 0.000000 8.428564 0.096806 
109 -0.017925 0.000000 0.075000 110.747209 0.000000 9.874061 -0.236244 
110 2.264340 0.000000 1.031528 99.554287 -2.545818 11.163140 -0.004215 
111 3.278680 0.000000 1.031528 99.174469 -2.490083 11.338029 0.002967 
112 2.264340 0.000000 1.988055 99.594910 -1.138836 12.573917 -0.007855 
113 0.742830 0.000000 0.553264 102.506389 -1.017175 12.386134 -0.066201 
114 1.250000 0.000000 0.553264 101.629561 -2.182624 9.886485 -0.043107 
115 0.742830 0.000000 1.031528 100.837001 -1.167761 12.851230 -0.033462 
116 0.489245 0.000000 -0.164132 96.979053 0.000000 8.497239 0.052286 
117 0.489245 0.000000 -0.403264 96.568848 3.415807 13.013468 0.049344 
118 0.742830 0.000000 -0.164132 66.288512 -8.044718 7.335143 0.548731 
119 0.489245 0.000000 0.075000 100.253618 -0.070105 4.598173 -0.007194 
120 -0.017925 0.000000 0.314132 100.904909 -2.010068 14.539465 -0.039724 
121 -0.271510 0.000000 0.314132 99.840512 -0.721944 14.748524 -0.018617 
122 0.235660 0.000000 0.314132 101.801005 -4.083407 13.120551 -0.055227 
123 -0.017925 0.000000 0.553264 100.431258 -1.270141 14.303158 -0.029263 
124 0.108867 0.000000 -0.044566 94.395653 0.003863 5.369314 0.106063 
125 -0.017925 0.000000 -0.044566 94.109922 0.025193 4.232380 0.112541 
126 0.108867 0.000000 -0.164132 93.301896 0.000000 9.344628 0.120743 
127 0.235660 0.000000 -0.044566 97.676376 -0.008117 3.467261 0.044730 
128 0.108867 0.000000 0.075000 105.072040 0.001561 7.232731 -0.109245 
129 -1.285850 0.000000 -0.403264 98.913102 0.071880 14.339719 0.001057 
130 -1.793021 0.000000 -0.403264 98.966990 0.045423 14.253928 0.000236 
131 -1.285850 0.000000 -0.881528 98.863504 0.134245 14.111112 0.002687 
132 -1.285850 0.000000 0.075000 99.081567 -0.046279 14.374966 -0.002380 
133 -0.525095 0.000000 -0.164132 98.864242 0.167008 14.652245 0.001115 
134 -0.778680 0.000000 -0.164132 98.948822 0.072182 14.482717 -0.000062 
135 -0.525095 0.000000 -0.403264 98.660397 0.334686 14.489048 0.005608 
136 -0.525095 0.000000 0.075000 99.176566 -0.107510 14.687169 -0.005172 
137 -0.144718 0.000000 -0.044566 98.573385 0.544647 16.065773 0.002488 
138 -0.271510 0.000000 -0.044566 98.907844 0.186061 15.237871 -0.001499 
139 -0.144718 0.000000 -0.164132 97.925031 1.233337 15.338538 0.017390 
140 -0.144718 0.000000 0.075000 99.895331 -0.769382 15.901213 -0.023252 
141 0.489245 0.000000 0.314132 101.652890 0.000000 9.604361 -0.042555 
142 0.742830 0.000000 0.314132 103.079732 0.000000 12.033575 -0.077024 
143 0.489245 0.000000 0.553264 101.727988 -1.778997 13.344781 -0.052983 
144 0.108867 0.000000 0.194566 104.142565 0.000000 9.855429 -0.094280 
145 -0.017925 0.000000 0.194566 101.583013 -2.799069 14.806469 -0.054617 
146 0.235660 0.000000 0.194566 103.346319 0.000000 9.119757 -0.076363 
147 0.108867 0.000000 0.314132 101.489846 -3.044678 13.888283 -0.050234 
148 0.045471 0.000000 0.015217 102.464028 0.015109 4.344479 -0.051775 
149 -0.017925 0.000000 0.015217 100.747708 0.021406 4.745217 -0.017262 
150 0.045471 0.000000 -0.044566 93.407078 0.010454 6.637587 0.123106 
151 0.108867 0.000000 0.015217 102.358624 0.009195 3.830131 -0.049196 
152 0.045471 0.000000 0.075000 107.362971 0.005425 8.204098 -0.159411 
153 0.362452 0.000000 0.194566 102.527993 0.000000 8.421015 -0.058290 
154 0.362452 0.000000 0.075000 101.270125 -0.054648 3.659456 -0.026903 
155 0.489245 0.000000 0.194566 101.896303 0.000000 9.086466 -0.046542 
156 0.362452 0.000000 0.314132 102.282525 0.000000 9.671010 -0.055524 
157 0.172264 0.000000 0.134783 104.104453 0.000000 8.799064 -0.091516 
158 0.108867 0.000000 0.134783 105.355272 0.000000 9.442240 -0.118889 
159 0.172264 0.000000 0.075000 103.873858 -0.000517 5.787166 -0.082327 
160 0.235660 0.000000 0.134783 103.686466 0.000000 8.243472 -0.081884 
161 0.172264 0.000000 0.194566 104.040951 0.000000 9.207861 -0.090930 
162 -2.807361 0.000000 -11.403332 99.010741 0.062866 13.909749 0.000339 
163 -6.864722 0.000000 -11.403332 99.016129 0.039113 13.916676 0.000213 
164 -2.807361 0.000000 -15.229443 99.017310 0.054555 13.911764 0.000203 
165 1.250000 0.000000 -11.403332 99.009152 0.096161 13.897741 0.000403 
166 -0.778680 0.000000 -5.664166 98.952929 0.116355 13.883663 0.001555 
167 -2.807361 0.000000 -5.664166 98.975599 0.074075 13.916471 0.001016 
168 -0.778680 0.000000 -7.577222 98.988186 0.101116 13.892386 0.000833 
169 1.250000 0.000000 -5.664166 98.949298 0.172544 13.831405 0.001770 
170 0.235660 0.000000 -2.794583 98.604391 0.366916 13.786897 0.008696 
171 -0.778680 0.000000 -2.794583 98.800713 0.246285 13.910637 0.004485 
172 0.235660 0.000000 -3.751111 98.852521 0.286849 13.809868 0.003738 
173 1.250000 0.000000 -2.794583 98.608155 0.518712 13.540663 0.009281 
174 0.742830 0.000000 -1.359792 98.041236 0.849475 13.225206 0.021229 
175 0.235660 0.000000 -1.359792 98.205090 0.629801 13.707439 0.016747 
176 0.742830 0.000000 -1.838055 98.171366 0.649824 13.456792 0.018088 
177 1.250000 0.000000 -1.359792 98.176769 1.125677 12.691920 0.019897 
178 0.489245 0.000000 -0.642396 97.014246 1.724774 13.436779 0.040471 
179 0.235660 0.000000 -0.642396 97.457958 1.531915 13.898509 0.030643 
180 0.489245 0.000000 -0.881528 97.477264 1.166176 13.459927 0.031565 
181 0.742830 0.000000 -0.642396 96.554737 1.548655 12.751339 0.051219 
182 0.362452 0.000000 -0.283698 96.167811 0.000000 9.554465 0.066046 
183 0.235660 0.000000 -0.283698 95.293700 0.000000 9.615709 0.082665 
184 0.362452 0.000000 -0.403264 96.751432 3.458078 13.237806 0.045196 
185 0.489245 0.000000 -0.283698 96.841061 0.000000 9.453971 0.053243 
186 0.362452 0.000000 -0.164132 95.854672 0.000000 8.030067 0.074740 
187 1.757170 0.000000 0.553264 99.994413 -4.568467 9.902901 -0.011782 
188 1.757170 0.000000 0.075000 98.376563 0.486611 3.981604 0.030596 
189 2.264340 0.000000 0.553264 99.511138 -4.622304 10.203195 -0.002794 
190 1.757170 0.000000 1.031528 99.997330 -2.281119 11.258470 -0.013142 
191 0.996415 0.000000 0.314132 106.912464 0.000000 6.990936 -0.147915 
192 0.996415 0.000000 0.075000 106.213114 -7.239273 -0.728521 -0.133416 
193 1.250000 0.000000 0.314132 102.730513 0.000000 5.875338 -0.058808 
194 0.996415 0.000000 0.553264 102.545336 -0.825101 10.888042 -0.063478 
195 1.757170 0.000000 -0.403264 98.867600 6.442181 9.336614 0.009652 
196 1.757170 0.000000 -0.881528 98.456838 2.386221 11.357533 0.017156 
197 2.264340 0.000000 -0.403264 99.350812 4.479986 10.321267 0.000282 
198 0.996415 0.000000 -0.164132 98.868001 -7.143393 2.290691 0.016884 
199 0.996415 0.000000 -0.403264 92.686964 0.000000 10.453096 0.129986 
200 1.250000 0.000000 -0.164132 98.895977 0.014600 0.348079 0.021946 
201 0.996415 0.000000 -0.642396 96.475186 1.645443 11.684627 0.055330 
202 0.996415 0.000000 -0.881528 97.279679 1.520251 12.281222 0.038352 
203 1.250000 0.000000 -0.642396 97.080107 2.438324 10.764511 0.045363 
204 1.503585 0.000000 -0.164132 98.447743 0.000000 4.975015 0.028329 
205 1.503585 0.000000 -0.403264 97.971042 6.107628 8.827064 0.028645 
206 1.757170 0.000000 -0.164132 99.814294 0.049741 5.162915 0.001045 
207 1.503585 0.000000 0.075000 99.420511 0.158573 3.333199 0.010443 
208 1.123207 0.000000 -0.283698 93.277816 0.000000 5.583020 0.126808 
209 0.996415 0.000000 -0.283698 92.251802 0.000000 10.822206 0.137248 
210 1.123207 0.000000 -0.403264 93.243447 0.000000 5.043295 0.128022 
211 1.250000 0.000000 -0.283698 95.015812 0.000000 5.622367 0.094038 
212 1.123207 0.000000 -0.164132 116.391440 -1.488816 -0.311030 -0.354928 
213 1.503585 0.000000 0.314132 99.882130 0.000000 6.762916 -0.002218 
214 1.757170 0.000000 0.314132 98.449967 0.000000 7.469626 0.025181 
215 1.503585 0.000000 0.553264 100.629069 -3.789566 9.672236 -0.023412 
216 1.376793 0.000000 0.194566 100.919396 0.000000 5.624287 -0.021636 
217 1.250000 0.000000 0.194566 102.931517 0.011193 1.977672 -0.059881 
218 1.376793 0.000000 0.075000 100.479106 -0.073357 0.240259 -0.009611 
219 1.503585 0.000000 0.194566 99.793115 0.000000 6.381937 0.000061 
220 1.376793 0.000000 0.314132 100.934901 0.000000 6.533389 -0.023054 
221 1.123207 0.000000 0.194566 124.124140 -1.625768 -0.597894 -0.540980 
222 0.996415 0.000000 0.194566 112.883715 -6.146180 2.503030 -0.278677 
223 1.123207 0.000000 0.075000 124.650130 -3.882324 -2.018441 -0.555680 
224 1.123207 0.000000 0.314132 103.832176 0.000000 5.738178 -0.081405 
225 5.307361 0.000000 11.553332 99.046938 -0.180423 13.877566 -0.000292 
226 1.250000 0.000000 11.553332 99.049886 -0.129147 13.892126 -0.000389 
227 9.364722 0.000000 11.553332 99.042373 -0.226440 13.867916 -0.000176 
228 5.307361 0.000000 15.379443 99.038932 -0.129196 13.896904 -0.000185 
229 3.278680 0.000000 5.814166 99.110640 -0.322726 13.753501 -0.001218 
230 1.250000 0.000000 5.814166 99.122754 -0.230085 13.809558 -0.001608 
231 5.307361 0.000000 5.814166 99.082044 -0.413437 13.727537 -0.000587 
232 3.278680 0.000000 7.727222 99.072459 -0.238533 13.834394 -0.000680 
233 2.264340 0.000000 2.944583 99.328811 -0.794398 13.314178 -0.004411 
234 1.250000 0.000000 2.944583 99.509148 -0.614650 13.478477 -0.008412 
235 3.278680 0.000000 2.944583 99.211065 -0.888236 13.247339 -0.001912 
236 2.264340 0.000000 3.901111 99.208382 -0.570167 13.587315 -0.002724 
237 1.757170 0.000000 1.509792 99.763974 -1.481053 12.278586 -0.010581 
238 1.250000 0.000000 1.509792 100.028831 -1.186037 12.609851 -0.016618 
239 2.264340 0.000000 1.509792 99.626753 -1.639298 11.960451 -0.007123 
240 1.757170 0.000000 1.988055 99.707796 -1.028709 12.780865 -0.010605 
241 1.503585 0.000000 0.792396 100.552392 -2.715799 10.685543 -0.023234 
242 1.250000 0.000000 0.792396 101.096198 -2.060892 11.036909 -0.034650 
243 1.757170 0.000000 0.792396 100.086793 -3.044872 10.597244 -0.013894 
244 1.503585 0.000000 1.031528 100.315074 -1.968129 11.434583 -0.019774 
245 1.376793 0.000000 0.433698 101.144476 -3.554030 8.957453 -0.032307 
246 1.250000 0.000000 0.433698 103.842762 0.000000 6.914561 -0.083113 
247 1.503585 0.000000 0.433698 100.543801 -4.785914 9.080995 -0.021443 
248 1.376793 0.000000 0.553264 101.106368 -3.057897 9.709462 -0.032612 
249 1.313396 0.000000 0.254349 101.551458 0.000000 6.219472 -0.035138 
250 1.250000 0.000000 0.254349 102.058222 0.029470 3.071449 -0.042532 
251 1.313396 0.000000 0.194566 101.481739 0.020921 3.113033 -0.030823 
252 1.376793 0.000000 0.254349 100.768189 0.000000 6.076500 -0.019115 
253 1.313396 0.000000 0.314132 101.958612 0.000000 6.119129 -0.043300 
254 5.307361 0.000000 -11.403332 99.014115 0.131511 13.887956 0.000331 
255 5.307361 0.000000 -15.229443 99.018639 0.095223 13.902018 0.000203 
256 9.364722 0.000000 -11.403332 99.020386 0.158189 13.884947 0.000215 
257 3.278680 0.000000 -5.664166 98.976012 0.236568 13.793427 0.001343 
258 3.278680 0.000000 -7.577222 98.996238 0.175247 13.853960 0.000778 
259 5.307361 0.000000 -5.664166 99.005952 0.287873 13.789288 0.000759 
260 2.264340 0.000000 -2.794583 98.810632 0.665573 13.422967 0.005584 
261 2.264340 0.000000 -3.751111 98.896751 0.460426 13.651667 0.003285 
262 3.278680 0.000000 -2.794583 98.956078 0.700105 13.426914 0.002692 
263 1.757170 0.000000 -1.359792 98.569959 1.394800 12.452844 0.012694 
264 1.757170 0.000000 -1.838055 98.484531 0.901083 12.913478 0.013323 
265 2.264340 0.000000 -1.359792 98.804124 1.510426 12.377474 0.008226 
266 1.503585 0.000000 -0.642396 97.894531 3.296316 10.439750 0.029681 
267 1.503585 0.000000 -0.881528 98.035910 2.276581 11.427282 0.025319 
268 1.757170 0.000000 -0.642396 98.519565 3.686764 10.536221 0.016929 
269 1.376793 0.000000 -0.283698 97.476557 0.000000 5.513826 0.046792 
270 1.376793 0.000000 -0.403264 97.273413 5.158202 8.742862 0.043484 
271 1.503585 0.000000 -0.283698 98.552307 0.000000 5.563870 0.025649 
272 1.376793 0.000000 -0.164132 97.839883 0.019774 2.936657 0.041873 
273 13.422082 0.000000 3.901111 99.141937 -1.117984 13.112789 -0.000232 
274 13.422082 0.000000 0.075000 99.173646 1.411607 12.857449 -0.000272 
275 17.479443 0.000000 3.901111 99.192741 -1.412568 12.741959 -0.000355 
276 13.422082 0.000000 7.727222 99.051679 -0.447266 13.771337 -0.000108 
277 7.336041 0.000000 1.988055 99.273796 -1.803946 12.221066 -0.000790 
278 7.336041 0.000000 0.075000 99.313897 2.271838 11.820034 -0.000812 
279 9.364722 0.000000 1.988055 99.315216 -2.202451 11.878376 -0.000946 
280 7.336041 0.000000 3.901111 99.108454 -0.802298 13.420895 -0.000325 
281 4.293021 0.000000 1.031528 99.336163 -2.677917 11.461201 -0.000620 
282 4.293021 0.000000 0.075000 99.632826 2.031292 9.710566 -0.002512 
283 5.307361 0.000000 1.031528 99.405025 -3.027175 11.204111 -0.001605 
284 4.293021 0.000000 1.988055 99.220237 -1.437852 12.613848 -0.000583 
285 2.771510 0.000000 0.553264 98.861444 -4.496195 10.321286 0.009967 
286 2.771510 0.000000 0.075000 100.167062 0.122886 6.704846 -0.007841 
287 3.278680 0.000000 0.553264 98.962072 -4.351616 11.465928 0.005610 
288 2.771510 0.000000 1.031528 99.244749 -2.520702 11.107557 0.002075 
289 2.010755 0.000000 0.314132 99.518725 -6.675688 10.266511 -0.005394 
290 2.010755 0.000000 0.075000 94.032886 -0.002464 1.540201 0.115544 
291 2.264340 0.000000 0.314132 99.689112 0.000000 9.932571 -0.003657 
292 2.010755 0.000000 0.553264 99.702631 -4.607199 10.153110 -0.006493 
293 13.422082 0.000000 -3.751111 99.044453 0.478411 13.750696 0.000089 
294 13.422082 0.000000 -7.577222 99.028411 0.264486 13.854882 0.000135 
295 17.479443 0.000000 -3.751111 99.043121 0.446114 13.779881 0.000038 
296 7.336041 0.000000 -1.838055 99.081348 0.880576 13.340843 0.000413 
297 7.336041 0.000000 -3.751111 99.036682 0.490107 13.684658 0.000423 
298 9.364722 0.000000 -1.838055 99.083571 0.829143 13.446830 0.000094 
299 4.293021 0.000000 -0.881528 99.232813 1.656559 12.499959 -0.000614 
300 4.293021 0.000000 -1.838055 99.077825 1.028066 13.138396 0.000991 
301 5.307361 0.000000 -0.881528 99.186756 1.521760 12.662014 -0.000065 
302 2.771510 0.000000 -0.403264 99.698087 3.111496 10.868434 -0.006751 
303 2.771510 0.000000 -0.881528 99.170154 2.062218 11.655043 0.002519 
304 3.278680 0.000000 -0.403264 99.646706 2.523727 11.249026 -0.006238 
305 2.010755 0.000000 -0.164132 99.712795 0.000000 5.393170 0.002827 
306 2.010755 0.000000 -0.403264 99.221254 5.555345 9.936836 0.002554 
307 2.264340 0.000000 -0.164132 99.731595 0.000000 5.246126 0.002609 
308 2.517925 0.000000 0.314132 99.373309 -0.323234 10.059493 0.002365 
309 2.517925 0.000000 0.075000 99.610726 -1.708213 7.078596 0.002468 
310 2.771510 0.000000 0.314132 99.286579 0.581708 9.505415 0.005148 
311 2.517925 0.000000 0.553264 99.223166 -4.572588 10.210702 0.002960 
312 2.137548 0.000000 0.194566 100.345221 -0.000000 9.469493 -0.015883 
313 2.010755 0.000000 0.194566 98.149748 0.000000 6.622221 0.032277 
314 2.137548 0.000000 0.075000 96.130734 -2.263433 2.021896 0.074967 
315 2.264340 0.000000 0.194566 99.931717 -0.000000 8.383372 -0.005663 
316 2.137548 0.000000 0.314132 99.761389 -0.000000 10.169482 -0.005575 
317 1.883963 0.000000 0.194566 98.086774 0.000000 7.197952 0.032717 
318 1.757170 0.000000 0.194566 98.391051 0.000000 7.217100 0.026711 
319 1.883963 0.000000 0.075000 98.350950 0.677038 3.348849 0.031542 
320 1.883963 0.000000 0.314132 98.024697 0.000000 8.154986 0.032465 
321 2.517925 0.000000 -0.164132 99.880642 4.486373 9.774063 -0.009180 
322 2.517925 0.000000 -0.403264 99.575789 3.644706 10.777230 -0.004477 
323 2.771510 0.000000 -0.164132 100.032505 3.451576 9.936408 -0.011715 
324 2.137548 0.000000 -0.044566 95.733176 0.189317 1.483212 0.083292 
325 2.010755 0.000000 -0.044566 97.521445 -0.019136 2.198865 0.048473 
326 2.137548 0.000000 -0.164132 99.370163 0.000000 5.244439 0.009807 
327 2.264340 0.000000 -0.044566 98.229823 0.521451 2.627418 0.034373 
328 2.074151 0.000000 0.134783 100.249183 -0.044620 7.429004 -0.010509 
329 2.010755 0.000000 0.134783 98.354763 0.034473 6.486950 0.028426 
330 2.074151 0.000000 0.075000 93.476011 -0.080374 2.160714 0.125756 
331 2.137548 0.000000 0.134783 101.246751 -0.013351 7.971681 -0.031445 
332 2.074151 0.000000 0.194566 99.579207 -0.000000 8.393120 0.001354 
333 1.883963 0.000000 -0.044566 99.107078 0.712206 2.502148 0.017102 
334 1.757170 0.000000 -0.044566 99.188663 0.676475 2.238300 0.015614 
335 1.883963 0.000000 -0.164132 99.971736 0.058506 5.160515 -0.002098 
336 2.074151 0.000000 0.015217 90.447323 -0.273078 -0.514349 0.181894 
337 2.010755 0.000000 0.015217 94.530124 0.035684 0.954061 0.106314 
338 2.074151 0.000000 -0.044566 94.866817 -0.215308 1.289293 0.099858 
339 2.137548 0.000000 0.015217 92.637273 0.070040 0.171404 0.141830 
340 2.391133 0.000000 0.194566 99.633149 0.000000 8.317793 0.000405 
341 2.391133 0.000000 0.075000 98.883892 0.558577 1.800909 0.021842 
342 2.517925 0.000000 0.194566 99.542118 -0.570208 8.706312 0.001524 
343 2.391133 0.000000 0.314132 99.508846 -1.040841 9.868791 -0.000049 
344 2.200944 0.000000 0.134783 100.628168 0.009509 6.126811 -0.016357 
345 2.200944 0.000000 0.075000 97.251434 0.318165 2.076862 0.053774 
346 2.264340 0.000000 0.134783 99.830581 0.012608 5.755558 0.000073 
347 2.200944 0.000000 0.194566 100.166433 0.000000 8.676186 -0.010859 
348 2.105850 0.000000 0.104891 101.813059 0.000086 8.356315 -0.043573 
349 2.074151 0.000000 0.104891 97.702140 0.000752 5.421910 0.042489 
350 2.105850 0.000000 0.075000 96.038826 -3.372272 1.535329 0.076281 
351 2.137548 0.000000 0.104891 101.598488 0.000349 7.517832 -0.037877 
352 2.105850 0.000000 0.134783 101.167035 -0.012967 8.543255 -0.030776 
353 2.391133 0.000000 -0.044566 99.887278 0.414730 2.879073 0.001407 
354 2.391133 0.000000 -0.164132 99.866825 5.739945 9.164727 -0.009032 
355 2.517925 0.000000 -0.044566 100.473033 0.880799 1.568339 -0.009807 
356 2.200944 0.000000 0.015217 94.900445 0.251714 0.646167 0.099342 
357 2.200944 0.000000 -0.044566 96.531226 0.265646 1.611267 0.067906 
358 2.264340 0.000000 0.015217 97.113834 0.337566 0.959479 0.056787 
359 2.169246 0.000000 0.104891 101.125523 0.030419 6.407189 -0.026742 
360 2.169246 0.000000 0.075000 96.048403 -0.630541 1.997079 0.077032 
361 2.200944 0.000000 0.104891 100.150134 0.150012 5.134764 -0.005644 
362 2.169246 0.000000 0.134783 101.103211 0.000000 7.082504 -0.027202 
363 3.785850 0.000000 -0.403264 99.431338 2.335069 11.622000 -0.002711 
364 3.785850 0.000000 -0.881528 99.264032 1.742930 12.303852 -0.000777 
365 4.293021 0.000000 -0.403264 99.338819 2.215734 11.890798 -0.001450 
366 3.785850 0.000000 0.075000 99.824209 1.359711 8.525673 -0.003941 
367 3.025095 0.000000 -0.164132 100.130484 2.948207 10.195230 -0.013875 
368 3.025095 0.000000 -0.403264 99.730315 2.758638 10.999855 -0.007474 
369 3.278680 0.000000 -0.164132 99.903248 2.641474 10.540209 -0.009873 
370 3.025095 0.000000 0.075000 100.707278 0.554947 6.777840 -0.018820 
371 2.644718 0.000000 -0.044566 100.054267 3.101430 8.457379 -0.009200 
372 2.644718 0.000000 -0.164132 99.893238 3.791810 9.720815 -0.008753 
373 2.771510 0.000000 -0.044566 100.236445 2.877845 8.695507 -0.013124 
374 2.644718 0.000000 0.075000 99.978385 -0.328651 6.941265 -0.004397 
375 2.454529 0.000000 0.015217 99.282124 0.587431 2.120695 0.013822 
376 2.391133 0.000000 0.015217 99.005626 0.584650 1.708470 0.019463 
377 2.454529 0.000000 -0.044566 99.835245 0.653958 1.984460 0.002856 
378 2.517925 0.000000 0.015217 99.643137 0.652205 1.983008 0.006689 
379 2.454529 0.000000 0.075000 98.339646 0.312134 2.576558 0.032258 
380 2.327736 0.000000 0.015217 97.817600 0.552559 1.303401 0.042971 
381 2.327736 0.000000 -0.044566 99.308247 0.430251 2.991284 0.012874 
382 2.327736 0.000000 0.075000 98.585791 0.510731 3.017853 0.027147 
383 2.327736 0.000000 0.134783 99.426771 0.000000 6.503098 0.007203 
384 2.391133 0.000000 0.134783 99.000910 0.000000 5.685999 0.016649 
385 2.327736 0.000000 0.194566 99.667021 0.000000 8.351521 -0.000326 
386 2.296038 0.000000 0.045109 97.054592 -0.525355 0.548265 0.057983 
387 2.264340 0.000000 0.045109 96.678401 -0.570061 0.119946 0.065295 
388 2.296038 0.000000 0.015217 97.485086 0.118742 0.871586 0.049588 
389 2.327736 0.000000 0.045109 97.619184 0.150922 1.198737 0.046904 
390 2.296038 0.000000 0.075000 97.451190 -0.636722 1.121229 0.050160 
391 2.359435 0.000000 0.045109 98.451005 0.593069 1.860892 0.030358 
392 2.359435 0.000000 0.015217 98.526191 0.611220 1.644815 0.028951 
393 2.391133 0.000000 0.045109 98.793053 0.427040 2.239910 0.023473 
394 2.359435 0.000000 0.075000 98.696581 0.478746 2.814595 0.025083 
395 2.296038 0.000000 0.104891 99.259227 0.115924 5.275713 0.011976 
396 2.264340 0.000000 0.104891 99.573244 0.137760 4.925410 0.006089 
397 2.327736 0.000000 0.104891 99.226723 0.045725 5.804608 0.012036 
398 2.296038 0.000000 0.134783 99.574853 0.006767 6.192462 0.004650 
399 2.311887 0.000000 0.060054 97.536713 -0.339161 0.935433 0.048560 
400 2.296038 0.000000 0.060054 97.280030 -0.604709 0.463880 0.053601 
401 2.311887 0.000000 0.045109 97.347302 -0.306072 0.827863 0.052272 
402 2.327736 0.000000 0.060054 97.900143 0.105335 1.489631 0.041333 
403 2.311887 0.000000 0.075000 97.731118 -0.315871 1.511698 0.044624 
404 -10.922082 0.000000 -11.403332 99.020542 0.024555 13.918942 0.000119 
405 -14.979443 0.000000 -11.403332 99.023165 0.015966 13.919290 0.000067 
406 -10.922082 0.000000 -15.229443 99.021628 0.026724 13.917496 0.000102 
407 13.422082 0.000000 -11.403332 99.024513 0.172857 13.885878 0.000130 
408 13.422082 0.000000 -15.229443 99.023769 0.124401 13.899089 0.000109 
409 17.479443 0.000000 -11.403332 99.026741 0.178714 13.888010 0.000080 
410 -2.807361 0.000000 11.553332 99.046516 -0.085087 13.906931 -0.000362 
411 -6.864722 0.000000 11.553332 99.039868 -0.055033 13.915286 -0.000253 
412 -2.807361 0.000000 15.379443 99.038601 -0.073508 13.909895 -0.000213 
413 -10.922082 0.000000 11.553332 99.034644 -0.036761 13.918235 -0.000158 
414 -14.979443 0.000000 11.553332 99.031519 -0.025816 13.918908 -0.000098 
415 -10.922082 0.000000 15.379443 99.033188 -0.038237 13.916861 -0.000125 
416 -4.836041 0.000000 -5.664166 98.999649 0.046851 13.923814 0.000519 
417 -6.864722 0.000000 -5.664166 99.011147 0.031680 13.925332 0.000288 
418 -4.836041 0.000000 -7.577222 99.004826 0.052160 13.917450 0.000435 
419 13.422082 0.000000 11.553332 99.039540 -0.262641 13.860909 -0.000102 
420 17.479443 0.000000 11.553332 99.038421 -0.292189 13.854052 -0.000063 
421 13.422082 0.000000 15.379443 99.035236 -0.179978 13.888301 -0.000090 
422 7.336041 0.000000 -5.664166 99.020801 0.324873 13.795354 0.000446 
423 7.336041 0.000000 -7.577222 99.016696 0.236385 13.845201 0.000395 
424 9.364722 0.000000 -5.664166 99.028212 0.342563 13.804321 0.000274 
425 -0.778680 0.000000 5.814166 99.113936 -0.153909 13.871939 -0.001603 
426 -2.807361 0.000000 5.814166 99.087399 -0.101790 13.910266 -0.001182 
427 -0.778680 0.000000 7.727222 99.074232 -0.135258 13.884763 -0.000851 
428 -4.836041 0.000000 5.814166 99.060293 -0.067503 13.920593 -0.000673 
429 -6.864722 0.000000 5.814166 99.046886 -0.049376 13.923566 -0.000415 
430 -4.836041 0.000000 7.727222 99.053582 -0.072927 13.914659 -0.000524 
431 -1.793021 0.000000 -2.794583 98.927179 0.129557 13.921169 0.001960 
432 -2.807361 0.000000 -2.794583 98.949192 0.061527 13.959555 0.001418 
433 -1.793021 0.000000 -3.751111 98.920818 0.100710 13.919751 0.002090 
434 7.336041 0.000000 5.814166 99.072174 -0.491215 13.705193 -0.000337 
435 9.364722 0.000000 5.814166 99.068800 -0.551865 13.682230 -0.000214 
436 7.336041 0.000000 7.727222 99.057751 -0.342771 13.804412 -0.000312 
437 4.293021 0.000000 -2.794583 99.010753 0.715825 13.461440 0.001515 
438 4.293021 0.000000 -3.751111 98.988147 0.488539 13.631726 0.001528 
439 5.307361 0.000000 -2.794583 99.035167 0.709703 13.502221 0.000922 
440 0.235660 0.000000 2.944583 99.407750 -0.470898 13.732285 -0.007070 
441 -0.778680 0.000000 2.944583 99.255938 -0.320618 13.865443 -0.004409 
442 0.235660 0.000000 3.901111 99.235908 -0.369039 13.778767 -0.003776 
443 -1.793021 0.000000 2.944583 99.174670 -0.158371 13.925177 -0.002955 
444 -2.807361 0.000000 2.944583 99.122617 -0.089187 13.950079 -0.001991 
445 -1.793021 0.000000 3.901111 99.150203 -0.134863 13.905448 -0.002414 
446 -0.271510 0.000000 -1.359792 98.275501 0.447447 14.130737 0.014205 
447 -0.778680 0.000000 -1.359792 98.581135 0.226785 14.151669 0.008144 
448 -0.271510 0.000000 -1.838055 98.607333 0.322991 13.865408 0.008424 
449 -1.285850 0.000000 -1.359792 98.748256 0.131186 14.181505 0.004765 
450 -1.793021 0.000000 -1.359792 98.887790 0.115372 14.071703 0.002318 
451 -1.285850 0.000000 -1.838055 98.739404 0.179415 14.097254 0.005177 
452 4.293021 0.000000 2.944583 99.169944 -0.954748 13.211000 -0.001012 
453 5.307361 0.000000 2.944583 99.157961 -1.019517 13.167167 -0.000671 
454 4.293021 0.000000 3.901111 99.138050 -0.700681 13.501182 -0.001113 
455 0.742830 0.000000 1.509792 100.098049 -0.891538 13.149200 -0.019332 
456 0.235660 0.000000 1.509792 99.912345 -0.666126 13.624173 -0.016854 
457 0.742830 0.000000 1.988055 99.708252 -0.713670 13.407640 -0.012201 
458 -0.271510 0.000000 1.509792 99.835362 -0.478137 14.039110 -0.016442 
459 -0.778680 0.000000 1.509792 99.425221 -0.298417 13.991794 -0.008123 
460 -0.271510 0.000000 1.988055 99.449620 -0.379693 13.802359 -0.008088 
461 -0.017925 0.000000 -0.642396 97.914781 1.110479 14.198200 0.020987 
462 -0.271510 0.000000 -0.642396 98.293346 0.655220 14.346293 0.013217 
463 -0.017925 0.000000 -0.881528 98.092810 0.781133 14.042668 0.017999 
464 2.771510 0.000000 -1.359792 98.937722 1.388996 12.341387 0.005709 
465 2.771510 0.000000 -1.838055 98.826239 1.000550 12.814410 0.006816 
466 3.278680 0.000000 -1.359792 99.057142 1.391812 12.513547 0.002916 
467 -1.285850 0.000000 0.553264 99.238142 -0.112859 14.314546 -0.005313 
468 -1.793021 0.000000 0.553264 99.151952 -0.035771 14.242551 -0.003396 
469 -1.285850 0.000000 1.031528 99.261221 -0.161240 14.087196 -0.005127 
470 -1.285850 0.000000 1.509792 99.363656 -0.145831 14.144782 -0.007323 
471 -1.793021 0.000000 1.509792 99.211961 -0.167993 14.061073 -0.004076 
472 -1.285850 0.000000 1.988055 99.356141 -0.230124 14.061399 -0.006942 
473 -0.525095 0.000000 0.314132 99.435372 -0.329553 14.564733 -0.009963 
474 -0.778680 0.000000 0.314132 99.277810 -0.194339 14.444864 -0.006478 
475 -0.525095 0.000000 0.553264 99.562069 -0.425062 14.387513 -0.011979 
476 0.108867 0.000000 -0.283698 96.567593 3.717727 13.727535 0.047243 
477 -0.017925 0.000000 -0.283698 97.202363 2.263786 14.561144 0.033455 
478 0.108867 0.000000 -0.403264 97.194294 2.379021 14.052965 0.035012 
479 2.771510 0.000000 1.509792 99.418079 -1.701860 11.905033 -0.002858 
480 3.278680 0.000000 1.509792 99.293305 -1.781465 12.010731 -0.000659 
481 2.771510 0.000000 1.988055 99.417988 -1.300891 12.540965 -0.004290 
482 0.996415 0.000000 0.792396 101.503546 -1.512010 11.753528 -0.044340 
483 0.742830 0.000000 0.792396 101.498139 -1.320320 12.646094 -0.046354 
484 0.996415 0.000000 1.031528 100.837643 -1.368270 12.270926 -0.032068 
485 0.489245 0.000000 0.792396 101.113538 -1.249977 13.366606 -0.040418 
486 0.235660 0.000000 0.792396 100.655788 -1.178430 13.834488 -0.032437 
487 0.489245 0.000000 1.031528 100.641576 -1.053585 13.359236 -0.030831 
488 0.362452 0.000000 -0.044566 98.641018 -0.056202 2.938486 0.026131 
489 0.489245 0.000000 -0.044566 98.763330 -0.272258 3.318299 0.023472 
490 -0.144718 0.000000 0.194566 100.303244 -1.237134 15.195849 -0.029319 
491 -0.271510 0.000000 0.194566 99.702823 -0.594639 14.982905 -0.016549 
492 -0.144718 0.000000 0.314132 100.280369 -1.223594 14.789122 -0.027637 
493 0.172264 0.000000 0.015217 100.798148 0.003694 2.910165 -0.016874 
494 0.172264 0.000000 -0.044566 97.575180 0.002077 3.198443 0.046885 
495 0.235660 0.000000 0.015217 100.162505 -0.009399 2.559026 -0.003908 
496 0.045471 0.000000 0.134783 106.378821 0.000000 9.369349 -0.140424 
497 -0.017925 0.000000 0.134783 102.265878 -3.476973 15.178364 -0.070078 
498 0.045471 0.000000 0.194566 102.294588 -4.119507 14.037480 -0.067820 
499 2.010755 0.000000 0.792396 99.760355 -3.259633 10.624784 -0.007564 
500 2.264340 0.000000 0.792396 99.415032 -3.301409 10.832208 -0.001158 
501 2.010755 0.000000 1.031528 99.708201 -2.471465 11.221393 -0.007375 
502 1.123207 0.000000 0.433698 103.842762 0.000000 6.914561 -0.083113 
503 0.996415 0.000000 0.433698 105.354380 0.000000 8.814696 -0.117724 
504 1.123207 0.000000 0.553264 102.148865 -1.359962 10.277346 -0.054186 
505 2.010755 0.000000 -0.642396 98.899954 3.483242 10.759418 0.009090 
506 2.010755 0.000000 -0.881528 98.752903 2.456698 11.455622 0.011060 
507 2.264340 0.000000 -0.642396 99.138574 3.184508 10.994098 0.004053 
508 1.123207 0.000000 -0.044566 121.934741 -3.752164 -1.652171 -0.488489 
509 0.996415 0.000000 -0.044566 103.448737 -8.080484 -0.290683 -0.076702 
510 1.250000 0.000000 -0.044566 114.877033 -0.788815 -1.873817 -0.320087 
511 1.376793 0.000000 -0.044566 99.635369 -0.017993 -0.234428 0.007274 
512 1.503585 0.000000 -0.044566 98.990826 0.339908 2.197097 0.019587 
513 1.630378 0.000000 0.194566 98.865015 0.000000 6.417120 0.018453 
514 1.630378 0.000000 0.075000 98.774877 0.288324 3.564873 0.023073 
515 1.630378 0.000000 0.314132 98.969551 0.000000 7.147253 0.015394 
516 1.630378 0.000000 0.433698 100.083706 -5.480365 9.321381 -0.013367 
517 1.757170 0.000000 0.433698 99.780724 -5.748908 9.625265 -0.008189 
518 1.630378 0.000000 0.553264 100.264933 -4.286497 9.775970 -0.016700 
519 3.785850 0.000000 0.553264 99.400473 -3.300560 10.814595 -0.000830 
520 4.293021 0.000000 0.553264 100.270266 3.667711 4.908219 -0.009167 
521 3.785850 0.000000 1.031528 99.269728 -2.567134 11.490699 0.000689 
522 3.785850 0.000000 1.509792 99.247485 -1.831490 12.130434 -0.000057 
523 4.293021 0.000000 1.509792 99.264072 -1.890773 12.115522 -0.000372 
524 3.785850 0.000000 1.988055 99.212801 -1.397449 12.653606 -0.000525 
525 3.025095 0.000000 0.314132 99.474479 2.251504 7.941346 0.003669 
526 3.278680 0.000000 0.314132 100.108457 3.347707 7.370498 -0.008723 
527 3.025095 0.000000 0.553264 98.580570 -4.907607 10.526382 0.014698 
528 2.517925 0.000000 0.792396 99.272989 -3.270626 10.662554 0.002049 
529 2.771510 0.000000 0.792396 99.060561 -3.203069 10.722280 0.006178 
530 2.517925 0.000000 1.031528 99.328679 -2.556853 11.207121 0.000168 
531 1.883963 0.000000 0.433698 99.655458 -5.743281 9.921104 -0.006262 
532 2.010755 0.000000 0.433698 99.642000 -5.572244 10.130303 -0.006220 
533 1.883963 0.000000 0.553264 99.816405 -4.673137 10.042706 -0.008601 
534 3.785850 0.000000 -1.359792 99.128263 1.337787 12.741173 0.000946 
535 3.785850 0.000000 -1.838055 99.066748 1.061959 13.088958 0.001333 
536 4.293021 0.000000 -1.359792 99.141736 1.280567 12.872054 0.000359 
537 2.517925 0.000000 -0.642396 99.297262 2.832337 11.169836 0.000727 
538 2.517925 0.000000 -0.881528 99.130700 2.236256 11.697215 0.003128 
539 2.771510 0.000000 -0.642396 99.412420 2.560642 11.341727 -0.001802 
540 3.025095 0.000000 -0.642396 99.451291 2.329291 11.464021 -0.002741 
541 3.025095 0.000000 -0.881528 99.256008 1.925411 11.816317 0.000491 
542 3.278680 0.000000 -0.642396 99.439551 2.171349 11.640059 -0.002843 
543 2.644718 0.000000 0.194566 99.815326 0.463713 8.204676 -0.003063 
544 2.771510 0.000000 0.194566 100.022111 1.192084 7.572541 -0.006319 
545 2.644718 0.000000 0.314132 99.359722 -0.037228 9.625937 0.003499 
546 2.454529 0.000000 0.134783 99.432666 1.452942 7.483044 0.005504 
547 2.517925 0.000000 0.134783 99.671407 2.291287 7.291843 0.000719 
548 2.454529 0.000000 0.194566 99.452159 -1.184460 8.777141 0.003083 
549 2.232642 0.000000 0.104891 99.759183 0.144103 4.794104 0.002510 
550 2.232642 0.000000 0.075000 97.605166 0.035240 1.406213 0.047125 
551 2.232642 0.000000 0.134783 100.108088 0.012342 5.745920 -0.005464 
552 2.232642 0.000000 0.045109 96.121158 -0.046267 0.150166 0.076070 
553 2.200944 0.000000 0.045109 94.319039 0.201483 0.105502 0.110387 
554 2.232642 0.000000 0.015217 96.396719 0.458782 0.810255 0.070681 
555 2.169246 0.000000 0.045109 90.788158 -1.267468 -0.765014 0.175532 
556 2.137548 0.000000 0.045109 91.618111 -2.855886 -0.776258 0.159736 
557 2.169246 0.000000 0.015217 93.624703 0.133791 0.457669 0.123419 
558 2.359435 0.000000 0.104891 99.190908 0.246450 4.565668 0.014026 
559 2.391133 0.000000 0.104891 99.007091 0.458743 3.024990 0.018823 
560 2.359435 0.000000 0.134783 99.281384 0.000000 6.185026 0.010495 
561 -0.525095 0.000000 -0.642396 98.573110 0.386359 14.327036 0.007793 
562 -0.778680 0.000000 -0.642396 98.639329 0.243086 14.520976 0.005936 
563 -0.525095 0.000000 -0.881528 98.522547 0.389997 14.244928 0.009024 
564 -0.017925 0.000000 0.792396 100.208702 -0.884084 14.085391 -0.024096 
565 -0.271510 0.000000 0.792396 99.873514 -0.635163 14.225477 -0.017749 
566 -0.017925 0.000000 1.031528 100.073769 -0.709253 13.951471 -0.020991 
567 -0.525095 0.000000 0.792396 99.605491 -0.439086 14.240574 -0.012424 
568 -0.778680 0.000000 0.792396 99.538377 -0.310396 14.442381 -0.011657 
569 -0.525095 0.000000 1.031528 99.768452 -0.431818 14.347867 -0.015979 
570 -0.144718 0.000000 -0.283698 97.909794 1.269230 14.830186 0.019213 
571 -0.271510 0.000000 -0.283698 98.362925 0.709149 14.795230 0.010533 
572 -0.144718 0.000000 -0.403264 97.988945 1.141578 14.571115 0.018455 
573 1.630378 0.000000 -0.044566 99.146736 0.386761 2.438985 0.016383 
574 1.630378 0.000000 -0.164132 99.342143 0.000000 5.172003 0.010439 
575 3.025095 0.000000 0.792396 98.977014 -3.109494 10.841329 0.007635 
576 3.278680 0.000000 0.792396 99.073245 -3.072357 10.983803 0.005441 
577 3.025095 0.000000 1.031528 99.177055 -2.494328 11.185117 0.003258 
578 2.137548 0.000000 0.433698 99.640806 -5.831910 10.215751 -0.006666 
579 2.264340 0.000000 0.433698 99.494866 -8.685358 10.040501 -0.007548 
580 2.137548 0.000000 0.553264 99.617371 -4.613506 10.207961 -0.004911 
581 2.391133 0.000000 0.433698 99.122647 -9.083040 10.993602 -0.002866 
582 2.517925 0.000000 0.433698 99.230118 -4.042582 10.228399 0.003242 
583 2.391133 0.000000 0.553264 99.302066 -4.613100 10.414433 0.000936 
584 2.105850 0.000000 0.045109 92.318300 -3.506646 -0.668957 0.146459 
585 2.074151 0.000000 0.045109 93.113738 -2.213100 0.234712 0.132488 
586 2.105850 0.000000 0.015217 91.304036 -2.481540 -0.750825 0.165685 
587 1.630378 0.000000 -0.283698 99.220501 0.000000 5.606188 0.012386 
588 1.630378 0.000000 -0.403264 98.500721 6.472414 9.046595 0.017387 
589 1.757170 0.000000 -0.283698 99.865102 0.000000 5.607701 -0.000448 
590 1.883963 0.000000 -0.283698 100.057471 0.000000 6.333705 -0.005161 
591 1.883963 0.000000 -0.403264 99.095555 6.126722 9.650640 0.004940 
592 2.010755 0.000000 -0.283698 100.246158 0.000000 6.446349 -0.009085 
593 2.137548 0.000000 -0.283698 99.484524 6.528680 9.665900 -0.003322 
594 2.137548 0.000000 -0.403264 99.290032 5.007462 10.213237 0.001210 
595 2.264340 0.000000 -0.283698 99.515892 5.508244 9.817697 -0.003014 
596 2.644718 0.000000 0.433698 99.119758 -3.887096 9.983613 0.006049 
597 2.771510 0.000000 0.433698 98.683214 -0.474565 13.296988 0.008459 
598 2.644718 0.000000 0.553264 99.034927 -4.531785 10.288271 0.006570 
599 2.391133 0.000000 -0.283698 99.595369 4.706626 10.011586 -0.004162 
600 2.391133 0.000000 -0.403264 99.494233 4.008037 10.670822 -0.002903 
601 2.517925 0.000000 -0.283698 99.676873 4.103564 10.373419 -0.005993 
602 2.644718 0.000000 -0.283698 99.752391 3.662873 10.317247 -0.007040 
603 2.644718 0.000000 -0.403264 99.617246 3.339631 10.714607 -0.004955 
604 2.771510 0.000000 -0.283698 99.856260 3.365439 10.507802 -0.009301 
1 11 62 60 61 
2 62 10 24 60 
3 60 24 14 63 
4 61 60 63 6 
5 24 66 64 65 
6 66 23 40 64 
7 64 40 27 67 
8 65 64 67 14 
9 40 70 68 69 
10 69 68 71 27 
11 6 63 92 93 
12 63 14 36 92 
13 92 36 19 94 
14 93 92 94 20 
15 14 67 95 96 
16 67 27 52 95 
17 95 52 35 97 
18 96 95 97 36 
19 27 71 98 99 
20 99 98 100 52 
21 117 88 118 116 
22 116 118 91 119 
23 120 122 103 123 
24 121 120 123 101 
25 105 126 124 125 
26 126 108 127 124 
27 68 131 129 130 
28 131 56 80 129 
29 129 80 43 132 
30 130 129 132 71 
31 80 135 133 134 
32 135 79 106 133 
33 133 106 83 136 
34 134 133 136 43 
35 106 139 137 138 
36 139 105 125 137 
37 137 125 109 140 
38 138 137 140 83 
39 119 91 142 141 
40 141 142 113 143 
41 122 141 143 103 
42 144 146 122 147 
43 145 144 147 120 
44 125 150 148 149 
45 150 124 151 148 
46 148 151 128 152 
47 149 148 152 109 
48 59 154 153 146 
49 154 119 155 153 
50 153 155 141 156 
51 146 153 156 122 
52 128 159 157 158 
53 159 59 160 157 
54 157 160 146 161 
55 158 157 161 144 
56 12 164 162 163 
57 164 7 165 162 
58 162 165 13 25 
59 163 162 25 10 
60 25 168 166 167 
61 168 13 169 166 
62 166 169 26 41 
63 167 166 41 23 
64 41 172 170 171 
65 172 26 173 170 
66 170 173 42 57 
67 171 170 57 39 
68 57 176 174 175 
69 176 42 177 174 
70 174 177 58 89 
71 175 174 89 55 
72 55 180 178 179 
73 180 89 181 178 
74 178 181 88 117 
75 179 178 117 82 
76 82 184 182 183 
77 184 117 185 182 
78 182 185 116 186 
79 183 182 186 108 
80 91 192 191 142 
81 142 191 194 113 
82 88 199 198 118 
83 118 198 192 91 
84 89 202 201 181 
85 202 58 203 201 
86 201 203 90 199 
87 181 201 199 88 
88 199 210 208 209 
89 210 90 211 208 
90 208 211 200 212 
91 209 208 212 198 
92 5 218 216 217 
93 218 207 219 216 
94 216 219 213 220 
95 192 223 221 222 
96 223 5 217 221 
97 221 217 193 224 
98 222 221 224 191 
99 21 46 225 226 
100 46 28 227 225 
101 225 227 30 228 
102 226 225 228 9 
103 37 74 229 230 
104 74 44 231 229 
105 229 231 46 232 
106 230 229 232 21 
107 53 112 233 234 
108 112 72 235 233 
109 233 235 74 236 
110 234 233 236 37 
111 77 190 237 238 
112 190 110 239 237 
113 237 239 112 240 
114 238 237 240 53 
115 114 215 241 242 
116 215 187 243 241 
117 241 243 190 244 
118 242 241 244 77 
119 193 220 245 246 
120 220 213 247 245 
121 245 247 215 248 
122 246 245 248 114 
123 217 251 249 250 
124 251 216 252 249 
125 249 252 220 253 
126 250 249 253 193 
127 7 255 254 165 
128 255 16 256 254 
129 254 256 15 32 
130 165 254 32 13 
131 13 258 257 169 
132 258 32 259 257 
133 257 259 31 48 
134 169 257 48 26 
135 26 261 260 173 
136 261 48 262 260 
137 260 262 47 85 
138 173 260 85 42 
139 42 264 263 177 
140 264 85 265 263 
141 263 265 84 196 
142 177 263 196 58 
143 58 267 266 203 
144 267 196 268 266 
145 266 268 195 205 
146 203 266 205 90 
147 90 270 269 211 
148 270 205 271 269 
149 269 271 204 272 
150 211 269 272 200 
151 18 274 273 45 
152 274 8 275 273 
153 273 275 29 276 
154 45 273 276 28 
155 34 278 277 73 
156 278 18 279 277 
157 277 279 45 280 
158 73 277 280 44 
159 282 34 283 281 
160 281 283 73 284 
161 15 294 293 33 
162 294 17 295 293 
163 293 295 8 274 
164 33 293 274 18 
165 31 297 296 49 
166 297 33 298 296 
167 296 298 18 278 
168 49 296 278 34 
169 300 49 301 299 
170 299 301 34 282 
171 312 315 291 316 
172 313 312 316 289 
173 188 319 317 318 
174 319 290 313 317 
175 317 313 289 320 
176 318 317 320 214 
177 305 326 324 325 
178 326 307 327 324 
179 290 330 328 329 
180 328 331 312 332 
181 329 328 332 313 
182 206 335 333 334 
183 335 305 325 333 
184 333 325 290 319 
185 334 333 319 188 
186 325 338 336 337 
187 338 324 339 336 
188 337 336 330 290 
189 340 342 308 343 
190 315 340 343 291 
191 344 346 315 347 
192 331 344 347 312 
193 330 350 348 349 
194 350 314 351 348 
195 348 351 331 352 
196 349 348 352 328 
197 307 354 353 327 
198 354 321 355 353 
199 324 357 356 339 
200 357 327 358 356 
201 314 360 359 351 
202 360 345 361 359 
203 359 361 344 362 
204 351 359 362 331 
205 86 364 363 304 
206 364 299 365 363 
207 363 365 282 366 
208 304 363 366 50 
209 302 368 367 323 
210 368 304 369 367 
211 367 369 50 370 
212 323 367 370 286 
213 321 372 371 355 
214 372 323 373 371 
215 371 373 286 374 
216 355 371 374 309 
217 353 377 375 376 
218 377 355 378 375 
219 375 378 309 379 
220 376 375 379 341 
221 327 381 380 358 
222 381 353 376 380 
223 383 384 340 385 
224 346 383 385 315 
225 358 388 386 387 
226 388 380 389 386 
227 387 386 390 87 
228 380 392 391 389 
229 392 376 393 391 
230 391 393 341 394 
231 389 391 394 382 
232 87 390 395 396 
233 390 382 397 395 
234 395 397 383 398 
235 396 395 398 346 
236 386 401 399 400 
237 401 389 402 399 
238 399 402 382 403 
239 400 399 403 390 
240 1 406 404 405 
241 406 12 163 404 
242 404 163 10 62 
243 405 404 62 11 
244 16 408 407 256 
245 408 2 409 407 
246 407 409 17 294 
247 256 407 294 15 
248 19 38 410 411 
249 38 21 226 410 
250 410 226 9 412 
251 411 410 412 22 
252 20 94 413 414 
253 94 19 411 413 
254 413 411 22 415 
255 414 413 415 4 
256 10 418 416 417 
257 418 25 167 416 
258 416 167 23 66 
259 417 416 66 24 
260 28 276 419 227 
261 276 29 420 419 
262 419 420 3 421 
263 227 419 421 30 
264 32 423 422 259 
265 423 15 424 422 
266 422 424 33 297 
267 259 422 297 31 
268 35 54 425 426 
269 54 37 230 425 
270 425 230 21 427 
271 426 425 427 38 
272 36 97 428 429 
273 97 35 426 428 
274 428 426 38 430 
275 429 428 430 19 
276 23 433 431 432 
277 433 41 171 431 
278 431 171 39 70 
279 432 431 70 40 
280 44 280 434 231 
281 280 45 435 434 
282 434 435 28 436 
283 231 434 436 46 
284 48 438 437 262 
285 438 31 439 437 
286 437 439 49 300 
287 262 437 300 47 
288 51 78 440 441 
289 78 53 234 440 
290 440 234 37 442 
291 441 440 442 54 
292 52 100 443 444 
293 100 51 441 443 
294 443 441 54 445 
295 444 443 445 35 
296 39 448 446 447 
297 448 57 175 446 
298 446 175 55 81 
299 447 446 81 56 
300 70 451 449 450 
301 451 39 447 449 
302 449 447 56 131 
303 450 449 131 68 
304 72 284 452 235 
305 284 73 453 452 
306 452 453 44 454 
307 235 452 454 74 
308 75 115 455 456 
309 115 77 238 455 
310 455 238 53 457 
311 456 455 457 78 
312 76 104 458 459 
313 104 75 456 458 
314 458 456 78 460 
315 459 458 460 51 
316 81 463 461 462 
317 463 55 179 461 
318 461 179 82 107 
319 462 461 107 79 
320 85 465 464 265 
321 465 47 466 464 
322 464 466 86 303 
323 265 464 303 84 
324 71 132 467 468 
325 132 43 102 467 
326 467 102 76 469 
327 468 467 469 98 
328 98 469 470 471 
329 469 76 459 470 
330 470 459 51 472 
331 471 470 472 100 
332 43 136 473 474 
333 136 83 121 473 
334 473 121 101 475 
335 474 473 475 102 
336 107 478 476 477 
337 478 82 183 476 
338 476 183 108 126 
339 477 476 126 105 
340 110 288 479 239 
341 288 111 480 479 
342 479 480 72 481 
343 239 479 481 112 
344 113 194 482 483 
345 194 114 242 482 
346 482 242 77 484 
347 483 482 484 115 
348 103 143 485 486 
349 143 113 483 485 
350 485 483 115 487 
351 486 485 487 75 
352 108 186 488 127 
353 186 116 489 488 
354 488 489 119 154 
355 127 488 154 59 
356 83 140 490 491 
357 140 109 145 490 
358 490 145 120 492 
359 491 490 492 121 
360 124 494 493 151 
361 494 127 495 493 
362 493 495 59 159 
363 151 493 159 128 
364 109 152 496 497 
365 152 128 158 496 
366 496 158 144 498 
367 497 496 498 145 
368 187 292 499 243 
369 292 189 500 499 
370 499 500 110 501 
371 243 499 501 190 
372 191 224 502 503 
373 224 193 246 502 
374 502 246 114 504 
375 503 502 504 194 
376 196 506 505 268 
377 506 84 507 505 
378 505 507 197 306 
379 268 505 306 195 
380 198 212 508 509 
381 212 200 510 508 
382 508 510 5 223 
383 509 508 223 192 
384 200 272 511 510 
385 272 204 512 511 
386 511 512 207 218 
387 510 511 218 5 
388 207 514 513 219 
389 514 188 318 513 
390 513 318 214 515 
391 219 513 515 213 
392 213 515 516 247 
393 515 214 517 516 
394 516 517 187 518 
395 247 516 518 215 
396 50 366 519 287 
397 366 282 520 519 
398 519 520 281 521 
399 287 519 521 111 
400 111 521 522 480 
401 521 281 523 522 
402 522 523 284 524 
403 480 522 524 72 
404 286 370 525 310 
405 370 50 526 525 
406 525 526 287 527 
407 310 525 527 285 
408 189 311 528 500 
409 311 285 529 528 
410 528 529 288 530 
411 500 528 530 110 
412 214 320 531 517 
413 320 289 532 531 
414 531 532 292 533 
415 517 531 533 187 
416 47 535 534 466 
417 535 300 536 534 
418 534 536 299 364 
419 466 534 364 86 
420 84 538 537 507 
421 538 303 539 537 
422 537 539 302 322 
423 507 537 322 197 
424 303 541 540 539 
425 541 86 542 540 
426 540 542 304 368 
427 539 540 368 302 
428 309 374 543 342 
429 374 286 544 543 
430 543 544 310 545 
431 342 543 545 308 
432 341 379 546 384 
433 379 309 547 546 
434 546 547 342 548 
435 384 546 548 340 
436 345 550 549 361 
437 550 87 396 549 
438 549 396 346 551 
439 361 549 551 344 
440 356 554 552 553 
441 554 358 387 552 
442 552 387 87 550 
443 553 552 550 345 
444 339 557 555 556 
445 557 356 553 555 
446 555 553 345 360 
447 556 555 360 314 
448 382 394 558 397 
449 394 341 559 558 
450 558 559 384 560 
451 397 558 560 383 
452 56 563 561 562 
453 563 81 462 561 
454 561 462 79 135 
455 562 561 135 80 
456 101 123 564 565 
457 123 103 486 564 
458 564 486 75 566 
459 565 564 566 104 
460 102 475 567 568 
461 475 101 565 567 
462 567 565 104 569 
463 568 567 569 76 
464 79 572 570 571 
465 572 107 477 570 
466 570 477 105 139 
467 571 570 139 106 
468 204 574 573 512 
469 574 206 334 573 
470 573 334 188 514 
471 512 573 514 207 
472 285 527 575 529 
473 527 287 576 575 
474 575 576 111 577 
475 529 575 577 288 
476 289 316 578 532 
477 316 291 579 578 
478 578 579 189 580 
479 532 578 580 292 
480 291 343 581 579 
481 343 308 582 581 
482 581 582 311 583 
483 579 581 583 189 
484 336 586 584 585 
485 586 339 556 584 
486 584 556 314 350 
487 585 584 350 330 
488 205 588 587 271 
489 588 195 589 587 
490 587 589 206 574 
491 271 587 574 204 
492 195 591 590 589 
493 591 306 592 590 
494 590 592 305 335 
495 589 590 335 206 
496 306 594 593 592 
497 594 197 595 593 
498 593 595 307 326 
499 592 593 326 305 
500 308 545 596 582 
501 545 310 597 596 
502 596 597 285 598 
503 582 596 598 311 
504 197 600 599 595 
505 600 322 601 599 
506 599 601 321 354 
507 595 599 354 307 
508 322 603 602 601 
509 603 302 604 602 
510 602 604 323 372 
511 601 602 372 321 
