2 0.000000 100.000000 579.435449
604 511 
1 -14.979443 0.000000 -15.229443 99.449591 0.018000 10.453488 0.000050 
2 17.479443 0.000000 -15.229443 99.450926 0.124785 10.439099 0.000052 
3 17.479443 0.000000 15.379443 99.456563 -0.169845 10.431500 -0.000045 
4 -14.979443 0.000000 15.379443 99.455272 -0.024430 10.453269 -0.000062 
5 1.250000 0.000000 0.075000 111.831266 -0.479830 -1.224326 -0.250796 
6 -14.979443 0.000000 0.075000 99.452630 -0.003540 10.456791 -0.000017 
7 1.250000 0.000000 -15.229443 99.444727 0.069968 10.444720 0.000165 
8 17.479443 0.000000 0.075000 99.527816 1.279210 9.726771 -0.000203 
9 1.250000 0.000000 15.379443 99.461319 -0.086979 10.442981 -0.000162 
10 -6.864722 0.000000 -7.577222 99.441146 0.033609 10.455319 0.000214 
11 -14.979443 0.000000 -7.577222 99.449739 0.011003 10.455315 0.000044 
12 -6.864722 0.000000 -15.229443 99.446618 0.036106 10.451455 0.000114 
13 1.250000 0.000000 -7.577222 99.422553 0.128311 10.417934 0.000661 
14 -6.864722 0.000000 0.075000 99.454136 -0.005935 10.470246 -0.000075 
15 9.364722 0.000000 -7.577222 99.448006 0.239395 10.398878 0.000190 
16 9.364722 0.000000 -15.229443 99.447978 0.106044 10.439399 0.000111 
17 17.479443 0.000000 -7.577222 99.454185 0.255217 10.408145 0.000047 
18 9.364722 0.000000 0.075000 99.584173 1.972971 9.178290 -0.000514 
19 -6.864722 0.000000 7.727222 99.465233 -0.045235 10.454312 -0.000263 
20 -14.979443 0.000000 7.727222 99.455362 -0.017915 10.455121 -0.000068 
21 1.250000 0.000000 7.727222 99.488114 -0.158761 10.411122 -0.000630 
22 -6.864722 0.000000 15.379443 99.458669 -0.045903 10.450843 -0.000125 
23 -2.807361 0.000000 -3.751111 99.397618 0.064960 10.467314 0.001054 
24 -6.864722 0.000000 -3.751111 99.441414 0.021518 10.463590 0.000192 
25 -2.807361 0.000000 -7.577222 99.428475 0.067985 10.446520 0.000484 
26 1.250000 0.000000 -3.751111 99.329513 0.358921 10.303001 0.002737 
27 -2.807361 0.000000 0.075000 99.461196 -0.011425 10.501399 -0.000281 
28 9.364722 0.000000 7.727222 99.468428 -0.326817 10.370098 -0.000161 
29 17.479443 0.000000 7.727222 99.464881 -0.411471 10.348176 -0.000052 
30 9.364722 0.000000 15.379443 99.458947 -0.135458 10.435229 -0.000099 
31 5.307361 0.000000 -3.751111 99.437981 0.457669 10.246165 0.000689 
32 5.307361 0.000000 -7.577222 99.437000 0.199858 10.398835 0.000411 
33 9.364722 0.000000 -3.751111 99.460651 0.486315 10.288094 0.000150 
34 5.307361 0.000000 0.075000 99.688390 1.867092 8.184503 -0.000825 
35 -2.807361 0.000000 3.901111 99.514580 -0.082819 10.461995 -0.001261 
36 -6.864722 0.000000 3.901111 99.466029 -0.033286 10.462618 -0.000296 
37 1.250000 0.000000 3.901111 99.604581 -0.415877 10.278497 -0.002689 
38 -2.807361 0.000000 7.727222 99.479386 -0.085021 10.443857 -0.000523 
39 -0.778680 0.000000 -1.838055 99.170286 0.178769 10.542415 0.005408 
40 -2.807361 0.000000 -1.838055 99.397990 0.057290 10.508077 0.000962 
41 -0.778680 0.000000 -3.751111 99.341522 0.158088 10.421917 0.002262 
42 1.250000 0.000000 -1.838055 99.007526 0.765203 9.920176 0.009851 
43 -0.778680 0.000000 0.075000 99.515166 -0.047591 10.903946 -0.002217 
44 5.307361 0.000000 3.901111 99.508969 -0.600994 10.154825 -0.000552 
45 9.364722 0.000000 3.901111 99.494449 -0.748216 10.100895 -0.000173 
46 5.307361 0.000000 7.727222 99.477131 -0.255339 10.383042 -0.000357 
47 3.278680 0.000000 -1.838055 99.414258 1.013848 9.729893 0.002111 
48 3.278680 0.000000 -3.751111 99.392512 0.477055 10.233453 0.001618 
49 5.307361 0.000000 -1.838055 99.486122 0.945084 9.929110 0.000303 
50 3.278680 0.000000 0.075000 100.257214 -0.381408 5.494028 -0.008184 
51 -0.778680 0.000000 1.988055 99.807017 -0.196305 10.548820 -0.007276 
52 -2.807361 0.000000 1.988055 99.519943 -0.076092 10.500812 -0.001449 
53 1.250000 0.000000 1.988055 99.954001 -0.803560 9.870076 -0.008887 
54 -0.778680 0.000000 3.901111 99.575286 -0.184959 10.409789 -0.002364 
55 0.235660 0.000000 -0.881528 98.525560 0.847538 10.386653 0.018411 
56 -0.778680 0.000000 -0.881528 99.103791 0.230976 10.834558 0.006100 
57 0.235660 0.000000 -1.838055 98.858702 0.454621 10.355283 0.011952 
58 1.250000 0.000000 -0.881528 98.387475 1.754078 8.862551 0.023828 
59 0.235660 0.000000 0.075000 102.040376 -0.006284 3.511730 -0.042457 
60 -10.922082 0.000000 -3.751111 99.448855 0.008956 10.458673 0.000054 
61 -14.979443 0.000000 -3.751111 99.450833 0.004476 10.456365 0.000020 
62 -10.922082 0.000000 -7.577222 99.447214 0.018418 10.455973 0.000092 
63 -10.922082 0.000000 0.075000 99.453008 -0.004493 10.460040 -0.000031 
64 -4.836041 0.000000 -1.838055 99.434138 0.018252 10.487664 0.000286 
65 -6.864722 0.000000 -1.838055 99.446169 0.009298 10.468330 0.000087 
66 -4.836041 0.000000 -3.751111 99.427075 0.035120 10.470827 0.000462 
67 -4.836041 0.000000 0.075000 99.456031 -0.007221 10.490825 -0.000156 
68 -1.793021 0.000000 -0.881528 99.345693 0.070238 10.678982 0.001639 
69 -2.807361 0.000000 -0.881528 99.431146 0.030491 10.495081 0.000330 
70 -1.793021 0.000000 -1.838055 99.353051 0.110171 10.508159 0.001854 
71 -1.793021 0.000000 0.075000 99.476294 0.002364 10.773184 -0.001159 
72 3.278680 0.000000 1.988055 99.603841 -1.185566 9.549832 -0.001353 
73 5.307361 0.000000 1.988055 99.552368 -1.273739 9.575576 -0.000399 
74 3.278680 0.000000 3.901111 99.545508 -0.562159 10.183028 -0.001332 
75 0.235660 0.000000 1.031528 100.399370 -0.703015 10.310581 -0.018684 
76 -0.778680 0.000000 1.031528 99.815435 -0.287772 10.701675 -0.007773 
77 1.250000 0.000000 1.031528 100.575239 -1.506848 8.932394 -0.019744 
78 0.235660 0.000000 1.988055 99.909550 -0.436842 10.271019 -0.008760 
79 -0.271510 0.000000 -0.403264 98.911086 0.574411 10.955730 0.009624 
80 -0.778680 0.000000 -0.403264 99.233665 0.155437 11.026224 0.003108 
81 -0.271510 0.000000 -0.881528 98.937781 0.448540 10.637980 0.009795 
82 0.235660 0.000000 -0.403264 97.915624 2.311016 10.210152 0.030294 
83 -0.271510 0.000000 0.075000 99.703901 -0.200147 11.407907 -0.007105 
84 2.264340 0.000000 -0.881528 99.493433 2.206221 8.912113 0.001676 
85 2.264340 0.000000 -1.838055 99.191458 0.953945 9.636681 0.006728 
86 3.278680 0.000000 -0.881528 99.632455 1.718177 9.056864 -0.001161 
87 2.264340 0.000000 0.075000 98.026915 -0.438667 1.275956 0.038890 
88 0.742830 0.000000 -0.403264 98.218442 0.000000 9.918776 0.025476 
89 0.742830 0.000000 -0.881528 98.147760 1.147299 9.733847 0.027095 
90 1.250000 0.000000 -0.403264 95.206319 0.000000 5.023797 0.091052 
91 0.742830 0.000000 0.075000 75.225806 -8.299787 3.227916 0.426177 
92 -10.922082 0.000000 3.901111 99.457002 -0.017868 10.458380 -0.000107 
93 -14.979443 0.000000 3.901111 99.454380 -0.011515 10.456245 -0.000051 
94 -10.922082 0.000000 7.727222 99.458323 -0.027099 10.455559 -0.000128 
95 -4.836041 0.000000 1.988055 99.477004 -0.032800 10.485879 -0.000563 
96 -6.864722 0.000000 1.988055 99.461849 -0.021139 10.467711 -0.000223 
97 -4.836041 0.000000 3.901111 99.482036 -0.050153 10.468269 -0.000626 
98 -1.793021 0.000000 1.031528 99.593937 -0.100006 10.665665 -0.003272 
99 -2.807361 0.000000 1.031528 99.489838 -0.052873 10.491998 -0.000831 
100 -1.793021 0.000000 1.988055 99.563597 -0.135591 10.485181 -0.002287 
101 -0.271510 0.000000 0.553264 100.077167 -0.550068 10.828959 -0.013301 
102 -0.778680 0.000000 0.553264 99.776679 -0.208012 10.975022 -0.007588 
103 0.235660 0.000000 0.553264 100.902119 -1.332323 10.435932 -0.029192 
104 -0.271510 0.000000 1.031528 100.023355 -0.445342 10.578300 -0.011677 
105 -0.017925 0.000000 -0.164132 97.442810 2.465660 11.192635 0.037354 
106 -0.271510 0.000000 -0.164132 99.078582 0.426240 11.284034 0.005592 
107 -0.017925 0.000000 -0.403264 98.377432 1.301731 10.815779 0.020321 
108 0.235660 0.000000 -0.164132 96.240060 0.000000 6.320143 0.069791 
109 -0.017925 0.000000 0.075000 108.183120 0.000000 7.393671 -0.175825 
110 2.264340 0.000000 1.031528 99.751679 -2.248529 8.590171 -0.002924 
111 3.278680 0.000000 1.031528 99.462598 -2.016647 8.809073 0.002552 
112 2.264340 0.000000 1.988055 99.861227 -1.009553 9.485900 -0.006327 
113 0.742830 0.000000 0.553264 101.927141 -0.782077 9.394307 -0.047801 
114 1.250000 0.000000 0.553264 101.213627 -2.091106 7.717489 -0.030813 
115 0.742830 0.000000 1.031528 100.750354 -0.996266 9.693630 -0.024559 
116 0.489245 0.000000 -0.164132 98.116328 0.000000 6.440776 0.033170 
117 0.489245 0.000000 -0.403264 97.688567 2.558065 9.813965 0.035409 
118 0.742830 0.000000 -0.164132 73.380723 -6.689603 6.439065 0.452906 
119 0.489245 0.000000 0.075000 100.187763 -0.060198 3.486349 -0.004975 
120 -0.017925 0.000000 0.314132 100.821372 -1.499937 10.905129 -0.028612 
121 -0.271510 0.000000 0.314132 100.041806 -0.542149 11.069922 -0.013120 
122 0.235660 0.000000 0.314132 101.454354 -3.001754 9.849788 -0.039901 
123 -0.017925 0.000000 0.553264 100.468607 -0.967759 10.738382 -0.021019 
124 0.108867 0.000000 -0.044566 95.993553 0.003915 4.019830 0.076908 
125 -0.017925 0.000000 -0.044566 95.766738 0.024814 3.168810 0.081869 
126 0.108867 0.000000 -0.164132 95.196994 0.000000 7.000166 0.088853 
127 0.235660 0.000000 -0.044566 98.443540 -0.005981 2.598515 0.030212 
128 0.108867 0.000000 0.075000 103.923856 0.001752 5.416407 -0.082951 
129 -1.285850 0.000000 -0.403264 99.359443 0.065953 10.786555 0.001135 
130 -1.793021 0.000000 -0.403264 99.402760 0.044026 10.713911 0.000430 
131 -1.285850 0.000000 -0.881528 99.323487 0.120041 10.605778 0.002235 
132 -1.285850 0.000000 0.075000 99.488471 -0.032785 10.814233 -0.001490 
133 -0.525095 0.000000 -0.164132 99.323847 0.135865 10.995162 0.001386 
134 -0.778680 0.000000 -0.164132 99.385917 0.063678 10.893163 0.000377 
135 -0.525095 0.000000 -0.403264 99.171466 0.268535 10.884937 0.004647 
136 -0.525095 0.000000 0.075000 99.554049 -0.076632 11.021565 -0.003249 
137 -0.144718 0.000000 -0.044566 99.103461 0.421110 12.039190 0.003338 
138 -0.271510 0.000000 -0.044566 99.353419 0.150419 11.431131 -0.000180 
139 -0.144718 0.000000 -0.164132 98.624947 0.939791 11.497766 0.014004 
140 -0.144718 0.000000 0.075000 100.084334 -0.566088 11.917066 -0.015921 
141 0.489245 0.000000 0.314132 101.170239 0.000000 7.289843 -0.028856 
142 0.742830 0.000000 0.314132 102.114522 0.000000 9.339515 -0.051460 
143 0.489245 0.000000 0.553264 101.383513 -1.336590 10.057983 -0.038157 
144 0.108867 0.000000 0.194566 103.212958 0.000000 7.385532 -0.070746 
145 -0.017925 0.000000 0.194566 101.330826 -2.079385 11.097574 -0.039542 
146 0.235660 0.000000 0.194566 102.595646 0.000000 6.840459 -0.057266 
147 0.108867 0.000000 0.314132 101.243919 -2.256937 10.418618 -0.036397 
148 0.045471 0.000000 0.015217 101.998050 0.014837 3.252343 -0.041418 
149 -0.017925 0.000000 0.015217 100.719042 0.020929 3.552931 -0.015695 
150 0.045471 0.000000 -0.044566 95.245948 0.010178 4.969381 0.090351 
151 0.108867 0.000000 0.015217 101.910328 0.009306 2.867443 -0.039394 
152 0.045471 0.000000 0.075000 105.648150 0.005361 6.142803 -0.119927 
153 0.362452 0.000000 0.194566 101.934988 0.000000 6.331081 -0.043082 
154 0.362452 0.000000 0.075000 101.024610 -0.045889 2.750942 -0.021354 
155 0.489245 0.000000 0.194566 101.392569 0.000000 6.872118 -0.032768 
156 0.362452 0.000000 0.314132 101.741748 0.000000 7.277976 -0.040435 
157 0.172264 0.000000 0.134783 103.177764 0.000000 6.595194 -0.068915 
158 0.108867 0.000000 0.134783 104.129886 0.000000 7.072436 -0.089305 
159 0.172264 0.000000 0.075000 103.018172 0.000072 4.335607 -0.063154 
160 0.235660 0.000000 0.134783 102.852483 0.000000 6.181430 -0.061684 
161 0.172264 0.000000 0.194566 103.130536 0.000000 6.902121 -0.068355 
162 -2.807361 0.000000 -11.403332 99.440148 0.058937 10.447033 0.000251 
163 -6.864722 0.000000 -11.403332 99.444172 0.036874 10.452244 0.000161 
164 -2.807361 0.000000 -15.229443 99.445074 0.051198 10.448612 0.000150 
165 1.250000 0.000000 -11.403332 99.438928 0.090170 10.438027 0.000294 
166 -0.778680 0.000000 -5.664166 99.395719 0.108374 10.427349 0.001175 
167 -2.807361 0.000000 -5.664166 99.413053 0.069291 10.452125 0.000779 
168 -0.778680 0.000000 -7.577222 99.422929 0.094585 10.433886 0.000621 
169 1.250000 0.000000 -5.664166 99.394143 0.161880 10.387511 0.001288 
170 0.235660 0.000000 -2.794583 99.119105 0.339731 10.357811 0.006800 
171 -0.778680 0.000000 -2.794583 99.284649 0.234754 10.443574 0.003344 
172 0.235660 0.000000 -3.751111 99.325086 0.277384 10.368331 0.002695 
173 1.250000 0.000000 -2.794583 99.120343 0.483523 10.167113 0.007155 
174 0.742830 0.000000 -1.359792 98.715675 0.764220 9.938976 0.015585 
175 0.235660 0.000000 -1.359792 98.836819 0.548295 10.295865 0.012498 
176 0.742830 0.000000 -1.838055 98.775958 0.595885 10.114403 0.014065 
177 1.250000 0.000000 -1.359792 98.817235 1.043270 9.543891 0.014298 
178 0.489245 0.000000 -0.642396 97.977474 1.371602 10.114917 0.029622 
179 0.235660 0.000000 -0.642396 98.295833 1.197967 10.440028 0.022750 
180 0.489245 0.000000 -0.881528 98.306211 0.969285 10.121303 0.023251 
181 0.742830 0.000000 -0.642396 97.639413 1.296770 9.635314 0.037202 
182 0.362452 0.000000 -0.283698 97.422184 0.000000 7.190639 0.045721 
183 0.235660 0.000000 -0.283698 96.720783 0.000000 7.214952 0.059303 
184 0.362452 0.000000 -0.403264 97.801648 2.607973 9.954562 0.032894 
185 0.489245 0.000000 -0.283698 98.003116 0.000000 7.162929 0.034408 
186 0.362452 0.000000 -0.164132 97.181454 0.000000 6.036443 0.051933 
187 1.757170 0.000000 0.553264 99.990382 -4.175541 7.944766 -0.007863 
188 1.757170 0.000000 0.075000 98.438124 0.417234 3.754454 0.029567 
189 2.264340 0.000000 0.553264 99.647530 -4.132469 8.299196 -0.001558 
190 1.757170 0.000000 1.031528 100.086536 -2.049293 8.607310 -0.009560 
191 0.996415 0.000000 0.314132 104.986000 0.000000 5.619129 -0.105363 
192 0.996415 0.000000 0.075000 106.404833 -5.986147 -0.591859 -0.135817 
193 1.250000 0.000000 0.314132 101.763254 0.000000 4.980385 -0.038056 
194 0.996415 0.000000 0.553264 101.918259 -0.787249 8.358700 -0.045782 
195 1.757170 0.000000 -0.403264 99.379125 5.980383 7.362297 0.003382 
196 1.757170 0.000000 -0.881528 99.036514 2.229439 8.604991 0.011275 
197 2.264340 0.000000 -0.403264 99.664696 4.102943 8.118284 -0.001579 
198 0.996415 0.000000 -0.164132 100.669217 -5.905143 1.931416 -0.017289 
199 0.996415 0.000000 -0.403264 94.751605 0.000000 8.274879 0.095366 
200 1.250000 0.000000 -0.164132 99.607642 0.056140 -0.193595 0.007828 
201 0.996415 0.000000 -0.642396 97.574639 1.505450 8.866233 0.039831 
202 0.996415 0.000000 -0.881528 98.160070 1.379083 9.265596 0.027685 
203 1.250000 0.000000 -0.642396 98.025627 2.297310 8.200147 0.031846 
204 1.503585 0.000000 -0.164132 99.151419 0.000000 4.123802 0.015199 
205 1.503585 0.000000 -0.403264 98.724269 5.756957 6.924175 0.017243 
206 1.757170 0.000000 -0.164132 100.142898 0.048157 4.347116 -0.004750 
207 1.503585 0.000000 0.075000 99.270001 0.144125 3.115060 0.013574 
208 1.123207 0.000000 -0.283698 95.177382 0.000000 4.316807 0.092263 
209 0.996415 0.000000 -0.283698 94.456672 0.000000 8.613908 0.100374 
210 1.123207 0.000000 -0.403264 95.158850 0.000000 3.864024 0.092986 
211 1.250000 0.000000 -0.283698 96.552084 0.000000 4.441009 0.065797 
212 1.123207 0.000000 -0.164132 114.813221 -1.194611 -0.838577 -0.318421 
213 1.503585 0.000000 0.314132 99.610904 0.000000 6.074743 0.004077 
214 1.757170 0.000000 0.314132 98.448930 0.000000 6.931395 0.025976 
215 1.503585 0.000000 0.553264 100.459048 -3.524751 7.664137 -0.016318 
216 1.376793 0.000000 0.194566 100.361171 0.000000 4.994433 -0.009731 
217 1.250000 0.000000 0.194566 102.162175 0.044626 1.435261 -0.043917 
218 1.376793 0.000000 0.075000 100.305642 -0.023083 0.103284 -0.006123 
219 1.503585 0.000000 0.194566 99.532694 0.000000 5.758424 0.006008 
220 1.376793 0.000000 0.314132 100.413363 0.000000 5.739735 -0.011579 
221 1.123207 0.000000 0.194566 120.469559 -1.306206 -0.890863 -0.451541 
222 0.996415 0.000000 0.194566 111.385846 -5.081793 2.097582 -0.243703 
223 1.123207 0.000000 0.075000 121.564793 -3.172505 -2.174205 -0.479279 
224 1.123207 0.000000 0.314132 102.605173 0.000000 4.749671 -0.055038 
225 5.307361 0.000000 11.553332 99.465854 -0.156268 10.424975 -0.000216 
226 1.250000 0.000000 11.553332 99.468367 -0.112188 10.434937 -0.000286 
227 9.364722 0.000000 11.553332 99.462193 -0.194836 10.418957 -0.000132 
228 5.307361 0.000000 15.379443 99.460514 -0.112162 10.438494 -0.000137 
229 3.278680 0.000000 5.814166 99.508940 -0.279509 10.337127 -0.000896 
230 1.250000 0.000000 5.814166 99.519539 -0.199412 10.375396 -0.001183 
231 5.307361 0.000000 5.814166 99.486476 -0.355998 10.322637 -0.000424 
232 3.278680 0.000000 7.727222 99.483758 -0.206527 10.394228 -0.000510 
233 2.264340 0.000000 2.944583 99.663465 -0.697913 10.021872 -0.003373 
234 1.250000 0.000000 2.944583 99.815910 -0.541846 10.134892 -0.006623 
235 3.278680 0.000000 2.944583 99.567932 -0.776337 9.986890 -0.001411 
236 2.264340 0.000000 3.901111 99.578367 -0.499735 10.217278 -0.002049 
237 1.757170 0.000000 1.509792 99.951739 -1.319825 9.292176 -0.007844 
238 1.250000 0.000000 1.509792 100.160806 -1.051725 9.514579 -0.012382 
239 2.264340 0.000000 1.509792 99.864705 -1.451212 9.062115 -0.005719 
240 1.757170 0.000000 1.988055 99.952133 -0.915343 9.631559 -0.008403 
241 1.503585 0.000000 0.792396 100.473393 -2.475596 8.235632 -0.016886 
242 1.250000 0.000000 0.792396 100.887255 -1.879008 8.445376 -0.025309 
243 1.757170 0.000000 0.792396 100.122868 -2.757320 8.220378 -0.009977 
244 1.503585 0.000000 1.031528 100.330689 -1.775658 8.710621 -0.014528 
245 1.376793 0.000000 0.433698 100.785110 -3.455270 7.223512 -0.022176 
246 1.250000 0.000000 0.433698 102.641751 0.000000 5.741164 -0.056829 
247 1.503585 0.000000 0.433698 100.336394 -4.522308 7.398813 -0.014259 
248 1.376793 0.000000 0.553264 100.819505 -2.880649 7.640848 -0.023125 
249 1.313396 0.000000 0.254349 100.863139 0.000000 5.405226 -0.020259 
250 1.250000 0.000000 0.254349 101.337442 0.047786 2.420728 -0.027514 
251 1.313396 0.000000 0.194566 100.887879 0.039357 2.575361 -0.018500 
252 1.376793 0.000000 0.254349 100.269808 0.000000 5.383407 -0.008302 
253 1.313396 0.000000 0.314132 101.182201 0.000000 5.274092 -0.026565 
254 5.307361 0.000000 -11.403332 99.442521 0.123784 10.430620 0.000237 
255 5.307361 0.000000 -15.229443 99.445996 0.089496 10.441279 0.000147 
256 9.364722 0.000000 -11.403332 99.447067 0.149616 10.428139 0.000151 
257 3.278680 0.000000 -5.664166 99.414071 0.223126 10.359063 0.000948 
258 3.278680 0.000000 -7.577222 99.428708 0.164726 10.404869 0.000564 
259 5.307361 0.000000 -5.664166 99.436215 0.273227 10.355818 0.000512 
260 2.264340 0.000000 -2.794583 99.285423 0.620278 10.078214 0.004045 
261 2.264340 0.000000 -3.751111 99.353136 0.429672 10.251506 0.002368 
262 3.278680 0.000000 -2.794583 99.397781 0.658074 10.082798 0.001799 
263 1.757170 0.000000 -1.359792 99.115539 1.303727 9.371430 0.008659 
264 1.757170 0.000000 -1.838055 99.018926 0.851505 9.692419 0.010058 
265 2.264340 0.000000 -1.359792 99.268692 1.412283 9.299629 0.005725 
266 1.503585 0.000000 -0.642396 98.631667 3.092187 7.982852 0.019851 
267 1.503585 0.000000 -0.881528 98.723860 2.123167 8.649109 0.017428 
268 1.757170 0.000000 -0.642396 99.089226 3.434119 8.078746 0.010427 
269 1.376793 0.000000 -0.283698 98.437572 0.000000 4.506438 0.028974 
270 1.376793 0.000000 -0.403264 98.208978 4.931871 6.827253 0.028406 
271 1.503585 0.000000 -0.283698 99.221862 0.000000 4.586094 0.013399 
272 1.376793 0.000000 -0.164132 98.715193 0.030475 2.267705 0.025017 
273 13.422082 0.000000 3.901111 99.500273 -0.870128 10.012793 -0.000132 
274 13.422082 0.000000 0.075000 99.552339 1.577732 9.489300 -0.000320 
275 17.479443 0.000000 3.901111 99.512245 -1.007494 9.888604 -0.000149 
276 13.422082 0.000000 7.727222 99.465342 -0.373564 10.360033 -0.000082 
277 7.336041 0.000000 1.988055 99.564925 -1.399886 9.457134 -0.000457 
278 7.336041 0.000000 0.075000 99.609621 2.109973 8.917188 -0.000604 
279 9.364722 0.000000 1.988055 99.571169 -1.576548 9.340467 -0.000415 
280 7.336041 0.000000 3.901111 99.494301 -0.675274 10.135084 -0.000229 
281 4.293021 0.000000 1.031528 99.569726 -2.004820 9.026660 0.000037 
282 4.293021 0.000000 0.075000 99.813346 1.188991 7.156179 -0.001533 
283 5.307361 0.000000 1.031528 99.606205 -2.094839 8.964490 -0.000615 
284 4.293021 0.000000 1.988055 99.546896 -1.215732 9.605297 -0.000332 
285 2.771510 0.000000 0.553264 99.135216 -3.784590 8.517925 0.008533 
286 2.771510 0.000000 0.075000 100.045112 -0.717060 5.862791 -0.004391 
287 3.278680 0.000000 0.553264 99.231066 -3.272016 9.109743 0.005950 
288 2.771510 0.000000 1.031528 99.520504 -2.151610 8.583879 0.001736 
289 2.010755 0.000000 0.314132 99.577893 -6.202374 9.026824 -0.003571 
290 2.010755 0.000000 0.075000 94.402082 -0.091163 1.471819 0.108607 
291 2.264340 0.000000 0.314132 99.749284 0.000000 8.763613 -0.002672 
292 2.010755 0.000000 0.553264 99.790868 -4.157091 8.213800 -0.004297 
293 13.422082 0.000000 -3.751111 99.462997 0.472260 10.314132 0.000051 
294 13.422082 0.000000 -7.577222 99.452481 0.254152 10.403517 0.000091 
295 17.479443 0.000000 -3.751111 99.462719 0.447013 10.334181 0.000017 
296 7.336041 0.000000 -1.838055 99.482478 0.865186 9.992755 0.000263 
297 7.336041 0.000000 -3.751111 99.456694 0.472090 10.272040 0.000263 
298 9.364722 0.000000 -1.838055 99.487092 0.826384 10.063618 0.000036 
299 4.293021 0.000000 -0.881528 99.579715 1.568139 9.440034 -0.000769 
300 4.293021 0.000000 -1.838055 99.482886 0.973968 9.868160 0.000483 
301 5.307361 0.000000 -0.881528 99.543822 1.472153 9.522132 -0.000181 
302 2.771510 0.000000 -0.403264 99.968271 2.819450 8.449694 -0.007300 
303 2.771510 0.000000 -0.881528 99.553381 1.919368 8.802737 0.000795 
304 3.278680 0.000000 -0.403264 99.903860 2.227897 8.714022 -0.006168 
305 2.010755 0.000000 -0.164132 99.928306 0.000000 4.581140 -0.000665 
306 2.010755 0.000000 -0.403264 99.602518 5.117590 7.848125 -0.000844 
307 2.264340 0.000000 -0.164132 99.787706 0.000000 4.505250 0.002212 
308 2.517925 0.000000 0.314132 99.439474 -0.108034 8.986711 0.003102 
309 2.517925 0.000000 0.075000 99.573907 -2.493708 6.374312 0.003819 
310 2.771510 0.000000 0.314132 99.315647 0.397482 8.445130 0.006492 
311 2.517925 0.000000 0.553264 99.402711 -4.019153 8.357790 0.003309 
312 2.137548 0.000000 0.194566 100.355410 -0.000000 8.773757 -0.014819 
313 2.010755 0.000000 0.194566 98.248685 0.000000 6.280417 0.030775 
314 2.137548 0.000000 0.075000 96.373282 -2.235641 1.905620 0.070356 
315 2.264340 0.000000 0.194566 99.951273 -0.000000 7.774503 -0.005070 
316 2.137548 0.000000 0.314132 99.828437 -0.000000 8.977530 -0.004631 
317 1.883963 0.000000 0.194566 98.150258 0.000000 6.780393 0.032055 
318 1.757170 0.000000 0.194566 98.398613 0.000000 6.715570 0.027261 
319 1.883963 0.000000 0.075000 98.462542 0.551094 3.171306 0.029477 
320 1.883963 0.000000 0.314132 98.106033 0.000000 7.706949 0.031581 
321 2.517925 0.000000 -0.164132 100.023001 4.005503 7.993227 -0.008454 
322 2.517925 0.000000 -0.403264 99.848614 3.330349 8.421431 -0.005176 
323 2.771510 0.000000 -0.164132 100.195758 3.026688 8.028174 -0.011280 
324 2.137548 0.000000 -0.044566 96.029072 0.098528 1.261688 0.077682 
325 2.010755 0.000000 -0.044566 97.792278 -0.055402 1.888704 0.043310 
326 2.137548 0.000000 -0.164132 99.534114 0.000000 4.465826 0.007302 
327 2.264340 0.000000 -0.044566 98.335493 0.461582 2.264745 0.032479 
328 2.074151 0.000000 0.134783 100.248067 -0.057857 7.032710 -0.009914 
329 2.010755 0.000000 0.134783 98.445872 0.032746 6.153244 0.027055 
330 2.074151 0.000000 0.075000 93.870665 -0.135137 2.045021 0.118410 
331 2.137548 0.000000 0.134783 101.190357 -0.017311 7.513960 -0.029595 
332 2.074151 0.000000 0.194566 99.620889 -0.000000 7.847736 0.001409 
333 1.883963 0.000000 -0.044566 99.283767 0.581998 2.227500 0.013743 
334 1.757170 0.000000 -0.044566 99.387644 0.570574 1.966958 0.011790 
335 1.883963 0.000000 -0.164132 100.225210 0.055574 4.391790 -0.006438 
336 2.074151 0.000000 0.015217 91.038976 -0.327439 -0.533075 0.171151 
337 2.010755 0.000000 0.015217 94.903740 -0.071939 0.850237 0.099255 
338 2.074151 0.000000 -0.044566 95.248663 -0.287531 1.075231 0.092645 
339 2.137548 0.000000 0.015217 93.093633 0.009146 0.091320 0.133357 
340 2.391133 0.000000 0.194566 99.647720 0.000000 7.765720 0.001003 
341 2.391133 0.000000 0.075000 98.924951 0.503910 1.628635 0.021095 
342 2.517925 0.000000 0.194566 99.532114 -0.790643 8.174389 0.002591 
343 2.391133 0.000000 0.314132 99.578639 -0.775236 8.764912 0.000667 
344 2.200944 0.000000 0.134783 100.599899 0.009323 5.780056 -0.015375 
345 2.200944 0.000000 0.075000 97.412692 0.211374 1.961530 0.050688 
346 2.264340 0.000000 0.134783 99.836577 0.012362 5.440287 0.000306 
347 2.200944 0.000000 0.194566 100.183857 0.000000 8.032440 -0.010133 
348 2.105850 0.000000 0.104891 101.723670 -0.005184 7.912201 -0.041031 
349 2.074151 0.000000 0.104891 97.849106 -0.040978 5.139229 0.039914 
350 2.105850 0.000000 0.075000 96.289682 -3.285986 1.450870 0.071539 
351 2.137548 0.000000 0.104891 101.521993 -0.010172 7.117539 -0.035737 
352 2.105850 0.000000 0.134783 101.113694 -0.016814 8.062425 -0.028898 
353 2.391133 0.000000 -0.044566 99.866443 0.375199 2.466063 0.002047 
354 2.391133 0.000000 -0.164132 99.996287 5.114627 7.554989 -0.008249 
355 2.517925 0.000000 -0.044566 100.407548 0.790651 1.332724 -0.008408 
356 2.200944 0.000000 0.015217 95.215063 0.172623 0.552411 0.093376 
357 2.200944 0.000000 -0.044566 96.765703 0.185543 1.386802 0.063444 
358 2.264340 0.000000 0.015217 97.273802 0.259743 0.856096 0.053701 
359 2.169246 0.000000 0.104891 101.072340 0.020520 6.066692 -0.025242 
360 2.169246 0.000000 0.075000 96.282243 -0.659582 1.899047 0.072569 
361 2.200944 0.000000 0.104891 100.144852 0.132179 4.856781 -0.005260 
362 2.169246 0.000000 0.134783 101.051830 0.000000 6.677080 -0.025606 
363 3.785850 0.000000 -0.403264 99.701390 2.085177 8.944647 -0.002472 
364 3.785850 0.000000 -0.881528 99.608714 1.631963 9.302791 -0.001110 
365 4.293021 0.000000 -0.403264 99.626233 2.022071 9.104312 -0.001236 
366 3.785850 0.000000 0.075000 99.943170 0.468296 6.288947 -0.002841 
367 3.025095 0.000000 -0.164132 100.273220 2.434134 8.117139 -0.012653 
368 3.025095 0.000000 -0.403264 99.994596 2.459774 8.532692 -0.007778 
369 3.278680 0.000000 -0.164132 100.055659 2.099068 8.293918 -0.008433 
370 3.025095 0.000000 0.075000 100.466577 -0.496434 5.387461 -0.012280 
371 2.644718 0.000000 -0.044566 100.127621 2.676240 7.089850 -0.008297 
372 2.644718 0.000000 -0.164132 100.057412 3.374413 7.898489 -0.008526 
373 2.771510 0.000000 -0.044566 100.295153 2.409206 7.197134 -0.011672 
374 2.644718 0.000000 0.075000 100.072685 -1.098105 6.006139 -0.005182 
375 2.454529 0.000000 0.015217 99.316479 0.533256 1.836923 0.013258 
376 2.391133 0.000000 0.015217 99.035030 0.535270 1.514347 0.018948 
377 2.454529 0.000000 -0.044566 99.818473 0.592111 1.701803 0.003303 
378 2.517925 0.000000 0.015217 99.649151 0.591691 1.705262 0.006679 
379 2.454529 0.000000 0.075000 98.441213 0.291240 2.287888 0.030401 
380 2.327736 0.000000 0.015217 97.930313 0.499313 1.148114 0.040809 
381 2.327736 0.000000 -0.044566 99.337246 0.384320 2.568649 0.012537 
382 2.327736 0.000000 0.075000 98.645259 0.455487 2.848787 0.026079 
383 2.327736 0.000000 0.134783 99.439892 0.000000 6.155715 0.007382 
384 2.391133 0.000000 0.134783 99.034305 0.000000 5.370044 0.016337 
385 2.327736 0.000000 0.194566 99.685326 0.000000 7.773648 0.000241 
386 2.296038 0.000000 0.045109 97.218883 -0.598117 0.502874 0.054788 
387 2.264340 0.000000 0.045109 96.870721 -0.649679 0.108142 0.061563 
388 2.296038 0.000000 0.015217 97.618979 0.043835 0.772435 0.046994 
389 2.327736 0.000000 0.045109 97.745799 0.097260 1.080127 0.044458 
390 2.296038 0.000000 0.075000 97.590185 -0.713960 1.053300 0.047454 
391 2.359435 0.000000 0.045109 98.517863 0.531532 1.675455 0.029114 
392 2.359435 0.000000 0.015217 98.589821 0.552341 1.455070 0.027762 
393 2.391133 0.000000 0.045109 98.840404 0.386302 2.018667 0.022635 
394 2.359435 0.000000 0.075000 98.747878 0.430550 2.622184 0.024180 
395 2.296038 0.000000 0.104891 99.287910 0.102143 5.011547 0.011678 
396 2.264340 0.000000 0.104891 99.590543 0.121411 4.666854 0.005993 
397 2.327736 0.000000 0.104891 99.250434 0.040761 5.509014 0.011900 
398 2.296038 0.000000 0.134783 99.587300 0.006635 5.867077 0.004795 
399 2.311887 0.000000 0.060054 97.670751 -0.398666 0.865531 0.045952 
400 2.296038 0.000000 0.060054 97.430663 -0.688147 0.427162 0.050661 
401 2.311887 0.000000 0.045109 97.493631 -0.361663 0.760697 0.049428 
402 2.327736 0.000000 0.060054 98.010434 0.062870 1.365577 0.039209 
403 2.311887 0.000000 0.075000 97.849546 -0.391536 1.422032 0.042329 
404 -10.922082 0.000000 -11.403332 99.447470 0.023399 10.453972 0.000091 
405 -14.979443 0.000000 -11.403332 99.449433 0.015434 10.454258 0.000052 
406 -10.922082 0.000000 -15.229443 99.448301 0.025314 10.452919 0.000077 
407 13.422082 0.000000 -11.403332 99.450073 0.164381 10.428523 0.000090 
408 13.422082 0.000000 -15.229443 99.449714 0.117697 10.438883 0.000077 
409 17.479443 0.000000 -11.403332 99.451721 0.170971 10.429816 0.000054 
410 -2.807361 0.000000 11.553332 99.466206 -0.073887 10.445446 -0.000264 
411 -6.864722 0.000000 11.553332 99.461515 -0.047655 10.451446 -0.000183 
412 -2.807361 0.000000 15.379443 99.460549 -0.063946 10.447571 -0.000156 
413 -10.922082 0.000000 11.553332 99.457781 -0.031694 10.453563 -0.000113 
414 -14.979443 0.000000 11.553332 99.455541 -0.022139 10.454036 -0.000069 
415 -10.922082 0.000000 15.379443 99.456739 -0.033118 10.452558 -0.000090 
416 -4.836041 0.000000 -5.664166 99.431630 0.044764 10.457517 0.000399 
417 -6.864722 0.000000 -5.664166 99.440322 0.029973 10.458570 0.000224 
418 -4.836041 0.000000 -7.577222 99.435659 0.048631 10.452673 0.000329 
419 13.422082 0.000000 11.553332 99.459792 -0.223707 10.415208 -0.000078 
420 17.479443 0.000000 11.553332 99.458589 -0.245581 10.411986 -0.000048 
421 13.422082 0.000000 15.379443 99.457533 -0.154628 10.433079 -0.000067 
422 7.336041 0.000000 -5.664166 99.445957 0.309503 10.358753 0.000310 
423 7.336041 0.000000 -7.577222 99.443330 0.223494 10.397508 0.000287 
424 9.364722 0.000000 -5.664166 99.451205 0.327685 10.364192 0.000193 
425 -0.778680 0.000000 5.814166 99.515591 -0.132637 10.420647 -0.001196 
426 -2.807361 0.000000 5.814166 99.496459 -0.087311 10.448483 -0.000872 
427 -0.778680 0.000000 7.727222 99.486177 -0.116986 10.429619 -0.000629 
428 -4.836041 0.000000 5.814166 99.476261 -0.058819 10.455586 -0.000485 
429 -6.864722 0.000000 5.814166 99.466548 -0.042034 10.457506 -0.000296 
430 -4.836041 0.000000 7.727222 99.471362 -0.062685 10.451035 -0.000378 
431 -1.793021 0.000000 -2.794583 99.378651 0.118468 10.452442 0.001462 
432 -2.807361 0.000000 -2.794583 99.393131 0.057516 10.483562 0.001110 
433 -1.793021 0.000000 -3.751111 99.372076 0.093540 10.453712 0.001590 
434 7.336041 0.000000 5.814166 99.479122 -0.418973 10.310730 -0.000258 
435 9.364722 0.000000 5.814166 99.475256 -0.466038 10.300344 -0.000164 
436 7.336041 0.000000 7.727222 99.472053 -0.294062 10.375578 -0.000243 
437 4.293021 0.000000 -2.794583 99.436676 0.676679 10.107300 0.000973 
438 4.293021 0.000000 -3.751111 99.421275 0.500734 10.236338 0.001038 
439 5.307361 0.000000 -2.794583 99.453319 0.675615 10.134880 0.000587 
440 0.235660 0.000000 2.944583 99.732640 -0.410414 10.321053 -0.005329 
441 -0.778680 0.000000 2.944583 99.617051 -0.277025 10.415973 -0.003213 
442 0.235660 0.000000 3.901111 99.603729 -0.322558 10.353026 -0.002819 
443 -1.793021 0.000000 2.944583 99.558762 -0.133898 10.458858 -0.002135 
444 -2.807361 0.000000 2.944583 99.521575 -0.074927 10.477463 -0.001433 
445 -1.793021 0.000000 3.901111 99.541478 -0.114190 10.444584 -0.001761 
446 -0.271510 0.000000 -1.359792 98.864319 0.386289 10.634873 0.011260 
447 -0.778680 0.000000 -1.359792 99.103140 0.201695 10.643052 0.006525 
448 -0.271510 0.000000 -1.838055 99.125766 0.293600 10.420713 0.006541 
449 -1.285850 0.000000 -1.359792 99.232822 0.121936 10.664222 0.003911 
450 -1.793021 0.000000 -1.359792 99.342016 0.109409 10.578926 0.001924 
451 -1.285850 0.000000 -1.838055 99.229856 0.164105 10.592504 0.004121 
452 4.293021 0.000000 2.944583 99.534845 -0.825490 9.975752 -0.000738 
453 5.307361 0.000000 2.944583 99.523219 -0.870761 9.960886 -0.000485 
454 4.293021 0.000000 3.901111 99.521857 -0.608363 10.166528 -0.000833 
455 0.742830 0.000000 1.509792 100.223057 -0.776698 9.899930 -0.014327 
456 0.235660 0.000000 1.509792 100.103108 -0.563622 10.249752 -0.012601 
457 0.742830 0.000000 1.988055 99.958911 -0.626785 10.093102 -0.009405 
458 -0.271510 0.000000 1.509792 100.066449 -0.401262 10.569456 -0.012517 
459 -0.778680 0.000000 1.509792 99.748769 -0.250887 10.520417 -0.006056 
460 -0.271510 0.000000 1.988055 99.764297 -0.328275 10.377761 -0.006072 
461 -0.017925 0.000000 -0.642396 98.624800 0.873351 10.661220 0.015872 
462 -0.271510 0.000000 -0.642396 98.902995 0.521436 10.768995 0.010195 
463 -0.017925 0.000000 -0.881528 98.754645 0.634164 10.547064 0.013588 
464 2.771510 0.000000 -1.359792 99.374841 1.309188 9.269837 0.003700 
465 2.771510 0.000000 -1.838055 99.286808 0.947327 9.614290 0.004880 
466 3.278680 0.000000 -1.359792 99.465473 1.306089 9.405386 0.001645 
467 -1.285850 0.000000 0.553264 99.608721 -0.089034 10.768262 -0.003786 
468 -1.793021 0.000000 0.553264 99.543677 -0.030727 10.705618 -0.002355 
469 -1.285850 0.000000 1.031528 99.624982 -0.132861 10.589577 -0.003729 
470 -1.285850 0.000000 1.509792 99.707011 -0.124822 10.638291 -0.005468 
471 -1.793021 0.000000 1.509792 99.588010 -0.140855 10.564898 -0.002941 
472 -1.285850 0.000000 1.988055 99.698493 -0.196459 10.567995 -0.005151 
473 -0.525095 0.000000 0.314132 99.744837 -0.250259 10.931762 -0.006860 
474 -0.778680 0.000000 0.314132 99.633691 -0.149244 10.865572 -0.004496 
475 -0.525095 0.000000 0.553264 99.841579 -0.329511 10.811791 -0.008534 
476 0.108867 0.000000 -0.283698 97.632927 2.800667 10.293602 0.035401 
477 -0.017925 0.000000 -0.283698 98.095078 1.715772 10.917349 0.025522 
478 0.108867 0.000000 -0.403264 98.099236 1.807744 10.543876 0.026210 
479 2.771510 0.000000 1.509792 99.694610 -1.482484 9.050997 -0.002313 
480 3.278680 0.000000 1.509792 99.592478 -1.516000 9.166047 -0.000498 
481 2.771510 0.000000 1.988055 99.717390 -1.137877 9.479267 -0.003471 
482 0.996415 0.000000 0.792396 101.205416 -1.343829 8.931367 -0.032411 
483 0.742830 0.000000 0.792396 101.220018 -1.108696 9.557646 -0.033807 
484 0.996415 0.000000 1.031528 100.739453 -1.204173 9.281248 -0.023603 
485 0.489245 0.000000 0.792396 100.952157 -0.995223 10.067971 -0.029369 
486 0.235660 0.000000 0.792396 100.627419 -0.925740 10.401068 -0.023492 
487 0.489245 0.000000 1.031528 100.615666 -0.873444 10.057070 -0.022542 
488 0.362452 0.000000 -0.044566 99.165440 -0.047245 2.208812 0.016133 
489 0.489245 0.000000 -0.044566 99.272448 -0.234747 2.523131 0.013856 
490 -0.144718 0.000000 0.194566 100.383856 -0.921495 11.393330 -0.020758 
491 -0.271510 0.000000 0.194566 99.940876 -0.441912 11.242844 -0.011478 
492 -0.144718 0.000000 0.314132 100.363854 -0.918124 11.093453 -0.019681 
493 0.172264 0.000000 0.015217 100.739577 0.004294 2.179567 -0.015321 
494 0.172264 0.000000 -0.044566 98.356720 0.002964 2.395631 0.032022 
495 0.235660 0.000000 0.015217 100.264133 -0.006866 1.918208 -0.005658 
496 0.045471 0.000000 0.134783 104.904356 0.000000 7.015094 -0.105414 
497 -0.017925 0.000000 0.134783 101.844087 -2.581284 11.371443 -0.050819 
498 0.045471 0.000000 0.194566 101.855040 -3.053809 10.520767 -0.049446 
499 2.010755 0.000000 0.792396 99.874933 -2.921356 8.288100 -0.005223 
500 2.264340 0.000000 0.792396 99.609206 -2.922697 8.484167 -0.000252 
501 2.010755 0.000000 1.031528 99.865903 -2.204416 8.610175 -0.005219 
502 1.123207 0.000000 0.433698 102.641751 0.000000 5.741164 -0.056829 
503 0.996415 0.000000 0.433698 103.804232 0.000000 7.101354 -0.082575 
504 1.123207 0.000000 0.553264 101.609131 -1.324652 7.954901 -0.038945 
505 2.010755 0.000000 -0.642396 99.360276 3.234785 8.254520 0.004893 
506 2.010755 0.000000 -0.881528 99.251287 2.289665 8.689161 0.006844 
507 2.264340 0.000000 -0.642396 99.532824 2.946978 8.427045 0.001352 
508 1.123207 0.000000 -0.044566 119.580867 -3.064940 -1.957730 -0.431281 
509 0.996415 0.000000 -0.044566 104.591104 -6.682315 -0.244825 -0.098401 
510 1.250000 0.000000 -0.044566 113.203846 -0.603940 -2.005552 -0.281950 
511 1.376793 0.000000 -0.044566 99.902784 0.027020 -0.392061 0.001928 
512 1.503585 0.000000 -0.044566 99.292163 0.309153 1.942256 0.013720 
513 1.630378 0.000000 0.194566 98.786438 0.000000 5.910979 0.020630 
514 1.630378 0.000000 0.075000 98.765637 0.253100 3.341230 0.023412 
515 1.630378 0.000000 0.314132 98.880702 0.000000 6.549131 0.017972 
516 1.630378 0.000000 0.433698 99.991886 -5.099863 7.659812 -0.008306 
517 1.757170 0.000000 0.433698 99.770661 -5.297163 7.969330 -0.004575 
518 1.630378 0.000000 0.553264 100.189389 -3.949276 7.798803 -0.011433 
519 3.785850 0.000000 0.553264 99.385442 -2.347471 10.391477 0.000904 
520 4.293021 0.000000 0.553264 99.434391 -1.648450 10.424921 0.000141 
521 3.785850 0.000000 1.031528 99.526472 -1.991582 8.983216 0.000982 
522 3.785850 0.000000 1.509792 99.547002 -1.526180 9.299815 0.000158 
523 4.293021 0.000000 1.509792 99.555232 -1.545264 9.323956 -0.000057 
524 3.785850 0.000000 1.988055 99.543124 -1.196253 9.615576 -0.000272 
525 3.025095 0.000000 0.314132 99.474257 0.787818 7.319850 0.005067 
526 3.278680 0.000000 0.314132 99.906336 1.238453 6.081794 -0.001980 
527 3.025095 0.000000 0.553264 99.075240 -3.448869 8.750094 0.009564 
528 2.517925 0.000000 0.792396 99.495897 -2.840876 8.387395 0.002215 
529 2.771510 0.000000 0.792396 99.350098 -2.697575 8.454967 0.005079 
530 2.517925 0.000000 1.031528 99.579726 -2.225156 8.644721 0.000420 
531 1.883963 0.000000 0.433698 99.697347 -5.252183 8.269351 -0.003553 
532 2.010755 0.000000 0.433698 99.717707 -5.069605 8.483745 -0.004130 
533 1.883963 0.000000 0.553264 99.865378 -4.241300 8.095197 -0.005661 
534 3.785850 0.000000 -1.359792 99.518603 1.261174 9.585301 0.000258 
535 3.785850 0.000000 -1.838055 99.477758 1.000968 9.834872 0.000645 
536 4.293021 0.000000 -1.359792 99.525031 1.216743 9.679475 -0.000040 
537 2.517925 0.000000 -0.642396 99.654790 2.616672 8.540233 -0.001086 
538 2.517925 0.000000 -0.881528 99.532943 2.078810 8.861446 0.001035 
539 2.771510 0.000000 -0.642396 99.743913 2.358225 8.644311 -0.002913 
540 3.025095 0.000000 -0.642396 99.776188 2.138154 8.741828 -0.003628 
541 3.025095 0.000000 -0.881528 99.624487 1.793786 8.934438 -0.000808 
542 3.278680 0.000000 -0.642396 99.757140 1.992132 8.880832 -0.003432 
543 2.644718 0.000000 0.194566 99.709984 -0.024892 7.613753 -0.000005 
544 2.771510 0.000000 0.194566 99.942479 0.568598 6.999431 -0.003781 
545 2.644718 0.000000 0.314132 99.392290 0.046401 8.700484 0.004547 
546 2.454529 0.000000 0.134783 99.441305 1.241959 6.969377 0.006131 
547 2.517925 0.000000 0.134783 99.671461 1.904332 6.681992 0.001732 
548 2.454529 0.000000 0.194566 99.460056 -1.281574 8.213436 0.003859 
549 2.232642 0.000000 0.104891 99.772460 0.127002 4.532760 0.002489 
550 2.232642 0.000000 0.075000 97.742545 -0.044802 1.326641 0.044463 
551 2.232642 0.000000 0.134783 100.105256 0.012101 5.419124 -0.005043 
552 2.232642 0.000000 0.045109 96.347081 -0.144560 0.136485 0.071720 
553 2.200944 0.000000 0.045109 94.653055 0.068638 0.090055 0.104079 
554 2.232642 0.000000 0.015217 96.606048 0.375410 0.721123 0.066661 
555 2.169246 0.000000 0.045109 91.323942 -1.287782 -0.729064 0.165775 
556 2.137548 0.000000 0.045109 92.115755 -2.800424 -0.737454 0.150630 
557 2.169246 0.000000 0.015217 94.019065 0.068583 0.372294 0.116027 
558 2.359435 0.000000 0.104891 99.213101 0.222106 4.318908 0.013806 
559 2.391133 0.000000 0.104891 99.039544 0.413433 2.839462 0.018294 
560 2.359435 0.000000 0.134783 99.299596 0.000000 5.856697 0.010529 
561 -0.525095 0.000000 -0.642396 99.106539 0.314044 10.763890 0.006193 
562 -0.778680 0.000000 -0.642396 99.147669 0.204226 10.932926 0.005017 
563 -0.525095 0.000000 -0.881528 99.063052 0.325242 10.714787 0.007160 
564 -0.017925 0.000000 0.792396 100.308694 -0.690383 10.584598 -0.017434 
565 -0.271510 0.000000 0.792396 100.066056 -0.498672 10.684484 -0.012762 
566 -0.017925 0.000000 1.031528 100.211687 -0.571288 10.484930 -0.015264 
567 -0.525095 0.000000 0.792396 99.874796 -0.347518 10.702597 -0.008964 
568 -0.778680 0.000000 0.792396 99.836949 -0.248280 10.874856 -0.008574 
569 -0.525095 0.000000 1.031528 100.013103 -0.349555 10.806829 -0.011953 
570 -0.144718 0.000000 -0.283698 98.616458 0.971269 11.125713 0.015007 
571 -0.271510 0.000000 -0.283698 98.951978 0.549273 11.102321 0.008494 
572 -0.144718 0.000000 -0.403264 98.677113 0.880543 10.934888 0.014248 
573 1.630378 0.000000 -0.044566 99.401552 0.339885 2.142662 0.011462 
574 1.630378 0.000000 -0.164132 99.816898 0.000000 4.308654 0.001802 
575 3.025095 0.000000 0.792396 99.301125 -2.496480 8.566481 0.005967 
576 3.278680 0.000000 0.792396 99.361945 -2.342825 8.690694 0.004619 
577 3.025095 0.000000 1.031528 99.468262 -2.075478 8.668811 0.002661 
578 2.137548 0.000000 0.433698 99.737846 -5.314856 8.577289 -0.004946 
579 2.264340 0.000000 0.433698 99.609368 -8.107276 8.447625 -0.005912 
580 2.137548 0.000000 0.553264 99.731530 -4.142585 8.284387 -0.003217 
581 2.391133 0.000000 0.433698 99.308664 -8.178516 9.237746 -0.001443 
582 2.517925 0.000000 0.433698 98.827338 -9.653658 12.241947 -0.000990 
583 2.391133 0.000000 0.553264 99.474840 -4.097405 8.488371 0.001592 
584 2.105850 0.000000 0.045109 92.780065 -3.408349 -0.637243 0.137984 
585 2.074151 0.000000 0.045109 93.539838 -2.177687 0.205101 0.124551 
586 2.105850 0.000000 0.015217 91.830765 -2.427066 -0.735763 0.156068 
587 1.630378 0.000000 -0.283698 99.724802 0.000000 4.649517 0.003335 
588 1.630378 0.000000 -0.403264 99.114247 6.046788 7.116915 0.008915 
589 1.757170 0.000000 -0.283698 100.224447 0.000000 4.689358 -0.006693 
590 1.883963 0.000000 -0.283698 100.360052 0.000000 5.326919 -0.010052 
591 1.883963 0.000000 -0.403264 99.532326 5.660405 7.621640 0.000319 
592 2.010755 0.000000 -0.283698 100.490707 0.000000 5.457494 -0.012817 
593 2.137548 0.000000 -0.283698 99.761340 5.947507 7.818487 -0.004883 
594 2.137548 0.000000 -0.403264 99.629884 4.596497 8.055566 -0.001213 
595 2.264340 0.000000 -0.283698 99.763219 5.001885 7.903501 -0.004018 
596 2.644718 0.000000 0.433698 99.262464 -3.439132 8.528692 0.006240 
597 2.771510 0.000000 0.433698 98.733510 -0.433547 13.770951 0.006187 
598 2.644718 0.000000 0.553264 99.249545 -3.918107 8.463318 0.006255 
599 2.391133 0.000000 -0.283698 99.824825 4.268229 8.014031 -0.004744 
600 2.391133 0.000000 -0.403264 99.775706 3.670327 8.363055 -0.003860 
601 2.517925 0.000000 -0.283698 99.897588 3.715710 8.256809 -0.006151 
602 2.644718 0.000000 -0.283698 99.981362 3.305830 8.180507 -0.007412 
603 2.644718 0.000000 -0.403264 99.894509 3.042986 8.351801 -0.005793 
604 2.771510 0.000000 -0.283698 100.082080 3.009919 8.297777 -0.009434 
1 11 62 60 61 
2 62 10 24 60 
3 60 24 14 63 
4 61 60 63 6 
5 24 66 64 65 
6 66 23 40 64 
7 64 40 27 67 
8 65 64 67 14 
9 40 70 68 69 
10 69 68 71 27 
11 6 63 92 93 
12 63 14 36 92 
13 92 36 19 94 
14 93 92 94 20 
15 14 67 95 96 
16 67 27 52 95 
17 95 52 35 97 
18 96 95 97 36 
19 27 71 98 99 
20 99 98 100 52 
21 117 88 118 116 
22 116 118 91 119 
23 120 122 103 123 
24 121 120 123 101 
25 105 126 124 125 
26 126 108 127 124 
27 68 131 129 130 
28 131 56 80 129 
29 129 80 43 132 
30 130 129 132 71 
31 80 135 133 134 
32 135 79 106 133 
33 133 106 83 136 
34 134 133 136 43 
35 106 139 137 138 
36 139 105 125 137 
37 137 125 109 140 
38 138 137 140 83 
39 119 91 142 141 
40 141 142 113 143 
41 122 141 143 103 
42 144 146 122 147 
43 145 144 147 120 
44 125 150 148 149 
45 150 124 151 148 
46 148 151 128 152 
47 149 148 152 109 
48 59 154 153 146 
49 154 119 155 153 
50 153 155 141 156 
51 146 153 156 122 
52 128 159 157 158 
53 159 59 160 157 
54 157 160 146 161 
55 158 157 161 144 
56 12 164 162 163 
57 164 7 165 162 
58 162 165 13 25 
59 163 162 25 10 
60 25 168 166 167 
61 168 13 169 166 
62 166 169 26 41 
63 167 166 41 23 
64 41 172 170 171 
65 172 26 173 170 
66 170 173 42 57 
67 171 170 57 39 
68 57 176 174 175 
69 176 42 177 174 
70 174 177 58 89 
71 175 174 89 55 
72 55 180 178 179 
73 180 89 181 178 
74 178 181 88 117 
75 179 178 117 82 
76 82 184 182 183 
77 184 117 185 182 
78 182 185 116 186 
79 183 182 186 108 
80 91 192 191 142 
81 142 191 194 113 
82 88 199 198 118 
83 118 198 192 91 
84 89 202 201 181 
85 202 58 203 201 
86 201 203 90 199 
87 181 201 199 88 
88 199 210 208 209 
89 210 90 211 208 
90 208 211 200 212 
91 209 208 212 198 
92 5 218 216 217 
93 218 207 219 216 
94 216 219 213 220 
95 192 223 221 222 
96 223 5 217 221 
97 221 217 193 224 
98 222 221 224 191 
99 21 46 225 226 
100 46 28 227 225 
101 225 227 30 228 
102 226 225 228 9 
103 37 74 229 230 
104 74 44 231 229 
105 229 231 46 232 
106 230 229 232 21 
107 53 112 233 234 
108 112 72 235 233 
109 233 235 74 236 
110 234 233 236 37 
111 77 190 237 238 
112 190 110 239 237 
113 237 239 112 240 
114 238 237 240 53 
115 114 215 241 242 
116 215 187 243 241 
117 241 243 190 244 
118 242 241 244 77 
119 193 220 245 246 
120 220 213 247 245 
121 245 247 215 248 
122 246 245 248 114 
123 217 251 249 250 
124 251 216 252 249 
125 249 252 220 253 
126 250 249 253 193 
127 7 255 254 165 
128 255 16 256 254 
129 254 256 15 32 
130 165 254 32 13 
131 13 258 257 169 
132 258 32 259 257 
133 257 259 31 48 
134 169 257 48 26 
135 26 261 260 173 
136 261 48 262 260 
137 260 262 47 85 
138 173 260 85 42 
139 42 264 263 177 
140 264 85 265 263 
141 263 265 84 196 
142 177 263 196 58 
143 58 267 266 203 
144 267 196 268 266 
145 266 268 195 205 
146 203 266 205 90 
147 90 270 269 211 
148 270 205 271 269 
149 269 271 204 272 
150 211 269 272 200 
151 18 274 273 45 
152 274 8 275 273 
153 273 275 29 276 
154 45 273 276 28 
155 34 278 277 73 
156 278 18 279 277 
157 277 279 45 280 
158 73 277 280 44 
159 282 34 283 281 
160 281 283 73 284 
161 15 294 293 33 
162 294 17 295 293 
163 293 295 8 274 
164 33 293 274 18 
165 31 297 296 49 
166 297 33 298 296 
167 296 298 18 278 
168 49 296 278 34 
169 300 49 301 299 
170 299 301 34 282 
171 312 315 291 316 
172 313 312 316 289 
173 188 319 317 318 
174 319 290 313 317 
175 317 313 289 320 
176 318 317 320 214 
177 305 326 324 325 
178 326 307 327 324 
179 290 330 328 329 
180 328 331 312 332 
181 329 328 332 313 
182 206 335 333 334 
183 335 305 325 333 
184 333 325 290 319 
185 334 333 319 188 
186 325 338 336 337 
187 338 324 339 336 
188 337 336 330 290 
189 340 342 308 343 
190 315 340 343 291 
191 344 346 315 347 
192 331 344 347 312 
193 330 350 348 349 
194 350 314 351 348 
195 348 351 331 352 
196 349 348 352 328 
197 307 354 353 327 
198 354 321 355 353 
199 324 357 356 339 
200 357 327 358 356 
201 314 360 359 351 
202 360 345 361 359 
203 359 361 344 362 
204 351 359 362 331 
205 86 364 363 304 
206 364 299 365 363 
207 363 365 282 366 
208 304 363 366 50 
209 302 368 367 323 
210 368 304 369 367 
211 367 369 50 370 
212 323 367 370 286 
213 321 372 371 355 
214 372 323 373 371 
215 371 373 286 374 
216 355 371 374 309 
217 353 377 375 376 
218 377 355 378 375 
219 375 378 309 379 
220 376 375 379 341 
221 327 381 380 358 
222 381 353 376 380 
223 383 384 340 385 
224 346 383 385 315 
225 358 388 386 387 
226 388 380 389 386 
227 387 386 390 87 
228 380 392 391 389 
229 392 376 393 391 
230 391 393 341 394 
231 389 391 394 382 
232 87 390 395 396 
233 390 382 397 395 
234 395 397 383 398 
235 396 395 398 346 
236 386 401 399 400 
237 401 389 402 399 
238 399 402 382 403 
239 400 399 403 390 
240 1 406 404 405 
241 406 12 163 404 
242 404 163 10 62 
243 405 404 62 11 
244 16 408 407 256 
245 408 2 409 407 
246 407 409 17 294 
247 256 407 294 15 
248 19 38 410 411 
249 38 21 226 410 
250 410 226 9 412 
251 411 410 412 22 
252 20 94 413 414 
253 94 19 411 413 
254 413 411 22 415 
255 414 413 415 4 
256 10 418 416 417 
257 418 25 167 416 
258 416 167 23 66 
259 417 416 66 24 
260 28 276 419 227 
261 276 29 420 419 
262 419 420 3 421 
263 227 419 421 30 
264 32 423 422 259 
265 423 15 424 422 
266 422 424 33 297 
267 259 422 297 31 
268 35 54 425 426 
269 54 37 230 425 
270 425 230 21 427 
271 426 425 427 38 
272 36 97 428 429 
273 97 35 426 428 
274 428 426 38 430 
275 429 428 430 19 
276 23 433 431 432 
277 433 41 171 431 
278 431 171 39 70 
279 432 431 70 40 
280 44 280 434 231 
281 280 45 435 434 
282 434 435 28 436 
283 231 434 436 46 
284 48 438 437 262 
285 438 31 439 437 
286 437 439 49 300 
287 262 437 300 47 
288 51 78 440 441 
289 78 53 234 440 
290 440 234 37 442 
291 441 440 442 54 
292 52 100 443 444 
293 100 51 441 443 
294 443 441 54 445 
295 444 443 445 35 
296 39 448 446 447 
297 448 57 175 446 
298 446 175 55 81 
299 447 446 81 56 
300 70 451 449 450 
301 451 39 447 449 
302 449 447 56 131 
303 450 449 131 68 
304 72 284 452 235 
305 284 73 453 452 
306 452 453 44 454 
307 235 452 454 74 
308 75 115 455 456 
309 115 77 238 455 
310 455 238 53 457 
311 456 455 457 78 
312 76 104 458 459 
313 104 75 456 458 
314 458 456 78 460 
315 459 458 460 51 
316 81 463 461 462 
317 463 55 179 461 
318 461 179 82 107 
319 462 461 107 79 
320 85 465 464 265 
321 465 47 466 464 
322 464 466 86 303 
323 265 464 303 84 
324 71 132 467 468 
325 132 43 102 467 
326 467 102 76 469 
327 468 467 469 98 
328 98 469 470 471 
329 469 76 459 470 
330 470 459 51 472 
331 471 470 472 100 
332 43 136 473 474 
333 136 83 121 473 
334 473 121 101 475 
335 474 473 475 102 
336 107 478 476 477 
337 478 82 183 476 
338 476 183 108 126 
339 477 476 126 105 
340 110 288 479 239 
341 288 111 480 479 
342 479 480 72 481 
343 239 479 481 112 
344 113 194 482 483 
345 194 114 242 482 
346 482 242 77 484 
347 483 482 484 115 
348 103 143 485 486 
349 143 113 483 485 
350 485 483 115 487 
351 486 485 487 75 
352 108 186 488 127 
353 186 116 489 488 
354 488 489 119 154 
355 127 488 154 59 
356 83 140 490 491 
357 140 109 145 490 
358 490 145 120 492 
359 491 490 492 121 
360 124 494 493 151 
361 494 127 495 493 
362 493 495 59 159 
363 151 493 159 128 
364 109 152 496 497 
365 152 128 158 496 
366 496 158 144 498 
367 497 496 498 145 
368 187 292 499 243 
369 292 189 500 499 
370 499 500 110 501 
371 243 499 501 190 
372 191 224 502 503 
373 224 193 246 502 
374 502 246 114 504 
375 503 502 504 194 
376 196 506 505 268 
377 506 84 507 505 
378 505 507 197 306 
379 268 505 306 195 
380 198 212 508 509 
381 212 200 510 508 
382 508 510 5 223 
383 509 508 223 192 
384 200 272 511 510 
385 272 204 512 511 
386 511 512 207 218 
387 510 511 218 5 
388 207 514 513 219 
389 514 188 318 513 
390 513 318 214 515 
391 219 513 515 213 
392 213 515 516 247 
393 515 214 517 516 
394 516 517 187 518 
395 247 516 518 215 
396 50 366 519 287 
397 366 282 520 519 
398 519 520 281 521 
399 287 519 521 111 
400 111 521 522 480 
401 521 281 523 522 
402 522 523 284 524 
403 480 522 524 72 
404 286 370 525 310 
405 370 50 526 525 
406 525 526 287 527 
407 310 525 527 285 
408 189 311 528 500 
409 311 285 529 528 
410 528 529 288 530 
411 500 528 530 110 
412 214 320 531 517 
413 320 289 532 531 
414 531 532 292 533 
415 517 531 533 187 
416 47 535 534 466 
417 535 300 536 534 
418 534 536 299 364 
419 466 534 364 86 
420 84 538 537 507 
421 538 303 539 537 
422 537 539 302 322 
423 507 537 322 197 
424 303 541 540 539 
425 541 86 542 540 
426 540 542 304 368 
427 539 540 368 302 
428 309 374 543 342 
429 374 286 544 543 
430 543 544 310 545 
431 342 543 545 308 
432 341 379 546 384 
433 379 309 547 546 
434 546 547 342 548 
435 384 546 548 340 
436 345 550 549 361 
437 550 87 396 549 
438 549 396 346 551 
439 361 549 551 344 
440 356 554 552 553 
441 554 358 387 552 
442 552 387 87 550 
443 553 552 550 345 
444 339 557 555 556 
445 557 356 553 555 
446 555 553 345 360 
447 556 555 360 314 
448 382 394 558 397 
449 394 341 559 558 
450 558 559 384 560 
451 397 558 560 383 
452 56 563 561 562 
453 563 81 462 561 
454 561 462 79 135 
455 562 561 135 80 
456 101 123 564 565 
457 123 103 486 564 
458 564 486 75 566 
459 565 564 566 104 
460 102 475 567 568 
461 475 101 565 567 
462 567 565 104 569 
463 568 567 569 76 
464 79 572 570 571 
465 572 107 477 570 
466 570 477 105 139 
467 571 570 139 106 
468 204 574 573 512 
469 574 206 334 573 
470 573 334 188 514 
471 512 573 514 207 
472 285 527 575 529 
473 527 287 576 575 
474 575 576 111 577 
475 529 575 577 288 
476 289 316 578 532 
477 316 291 579 578 
478 578 579 189 580 
479 532 578 580 292 
480 291 343 581 579 
481 343 308 582 581 
482 581 582 311 583 
483 579 581 583 189 
484 336 586 584 585 
485 586 339 556 584 
486 584 556 314 350 
487 585 584 350 330 
488 205 588 587 271 
489 588 195 589 587 
490 587 589 206 574 
491 271 587 574 204 
492 195 591 590 589 
493 591 306 592 590 
494 590 592 305 335 
495 589 590 335 206 
496 306 594 593 592 
497 594 197 595 593 
498 593 595 307 326 
499 592 593 326 305 
500 308 545 596 582 
501 545 310 597 596 
502 596 597 285 598 
503 582 596 598 311 
504 197 600 599 595 
505 600 322 601 599 
506 599 601 321 354 
507 595 599 354 307 
508 322 603 602 601 
509 603 302 604 602 
510 602 604 323 372 
511 601 602 372 321 
